H2O Chem Phys Special Issue vol 258, pp 121-137 (2000)
T=298K Case (a) g_OH(r)

 Bin no.        r             g(r)        std.
      1 0.0000000E+00 0.0000000E+00 0.0000000E+00
      2 0.7500000E-02 0.0000000E+00 0.0000000E+00
      3 0.3000000E-01 0.0000000E+00 0.0000000E+00
      4 0.5999999E-01 0.0000000E+00 0.0000000E+00
      5 0.9000000E-01 0.0000000E+00 0.0000000E+00
      6 0.1200000     0.0000000E+00 0.0000000E+00
      7 0.1500000     0.0000000E+00 0.0000000E+00
      8 0.1800000     0.0000000E+00 0.0000000E+00
      9 0.2100000     0.0000000E+00 0.0000000E+00
     10 0.2400000     0.0000000E+00 0.0000000E+00
     11 0.2700000     0.0000000E+00 0.0000000E+00
     12 0.3000000     0.0000000E+00 0.0000000E+00
     13 0.3300000     0.0000000E+00 0.0000000E+00
     14 0.3600000     0.0000000E+00 0.0000000E+00
     15 0.3900000     0.0000000E+00 0.0000000E+00
     16 0.4200000     0.0000000E+00 0.0000000E+00
     17 0.4500000     0.0000000E+00 0.0000000E+00
     18 0.4800000     0.0000000E+00 0.0000000E+00
     19 0.5100000     0.0000000E+00 0.0000000E+00
     20 0.5400000     0.0000000E+00 0.0000000E+00
     21 0.5699999     0.0000000E+00 0.0000000E+00
     22 0.5999999     0.0000000E+00 0.0000000E+00
     23 0.6299999     0.1172571E-02 0.1455590E-01
     24 0.6599998     0.1068312E-02 0.1326176E-01
     25 0.6899998     0.1564205E-01 0.4612093E-01
     26 0.7199998     0.1050508     0.1076837    
     27 0.7499998     0.2888716     0.1640261    
     28 0.7799997     0.7294023     0.2935984    
     29 0.8099997      1.769986     0.4259355    
     30 0.8399997      3.411961     0.5428695    
     31 0.8699996      5.897429     0.7128077    
     32 0.8999996      8.501945     0.7814844    
     33 0.9299996      10.98590     0.7801359    
     34 0.9599996      12.71100     0.7463084    
     35 0.9899995      12.31697     0.6779116    
     36  1.020000      9.879551     0.6778385    
     37  1.049999      7.798346     0.5547941    
     38  1.079999      4.753154     0.5103340    
     39  1.109999      2.593265     0.3693815    
     40  1.139999      1.326995     0.2836322    
     41  1.169999     0.5485278     0.1449939    
     42  1.199999     0.2318772     0.1186232    
     43  1.229999     0.9402054E-01 0.7225469E-01
     44  1.259999     0.5021453E-01 0.4773935E-01
     45  1.289999     0.4006793E-01 0.4191424E-01
     46  1.319999     0.5101620E-01 0.4688904E-01
     47  1.349999     0.6960036E-01 0.5349044E-01
     48  1.379999     0.9752281E-01 0.6279679E-01
     49  1.409999     0.1389900     0.7146199E-01
     50  1.439999     0.1858026     0.8133511E-01
     51  1.469999     0.2526437     0.9548122E-01
     52  1.499999     0.3312488     0.1045703    
     53  1.529999     0.4246034     0.1172237    
     54  1.559999     0.5371223     0.1323902    
     55  1.589999     0.6505920     0.1410467    
     56  1.619999     0.7556455     0.1430475    
     57  1.649999     0.8706505     0.1529213    
     58  1.679999     0.9599361     0.1554848    
     59  1.709999      1.039073     0.1570248    
     60  1.739999      1.100997     0.1593380    
     61  1.769999      1.118153     0.1581526    
     62  1.799999      1.115516     0.1546896    
     63  1.829999      1.086554     0.1506547    
     64  1.859999      1.042658     0.1453033    
     65  1.889999     0.9824927     0.1396979    
     66  1.919999     0.9070236     0.1335304    
     67  1.949999     0.8282252     0.1249547    
     68  1.979999     0.7525793     0.1180205    
     69  2.009999     0.6770750     0.1120774    
     70  2.039999     0.6113874     0.1033721    
     71  2.069999     0.5428862     0.9556180E-01
     72  2.099998     0.4851168     0.8915814E-01
     73  2.129998     0.4333377     0.8160343E-01
     74  2.159998     0.3888243     0.7786565E-01
     75  2.189998     0.3502051     0.7297033E-01
     76  2.219998     0.3166173     0.6818569E-01
     77  2.249998     0.2898999     0.6527795E-01
     78  2.279998     0.2667103     0.6190632E-01
     79  2.309998     0.2488342     0.5845457E-01
     80  2.339998     0.2354217     0.5529812E-01
     81  2.369998     0.2251970     0.5424089E-01
     82  2.399998     0.2204044     0.5419389E-01
     83  2.429998     0.2205955     0.5330882E-01
     84  2.459998     0.2234359     0.5164591E-01
     85  2.489998     0.2297769     0.5333163E-01
     86  2.519998     0.2430895     0.5376449E-01
     87  2.549998     0.2606689     0.5486752E-01
     88  2.579998     0.2813656     0.5605473E-01
     89  2.609998     0.3063256     0.5912666E-01
     90  2.639998     0.3365785     0.5909413E-01
     91  2.669998     0.3724194     0.6291372E-01
     92  2.699998     0.4153814     0.6554289E-01
     93  2.729998     0.4584872     0.6750809E-01
     94  2.759998     0.5076469     0.7137408E-01
     95  2.789998     0.5619103     0.7261983E-01
     96  2.819998     0.6212986     0.7442345E-01
     97  2.849998     0.6847391     0.7789119E-01
     98  2.879998     0.7525042     0.8059377E-01
     99  2.909998     0.8231595     0.8409679E-01
    100  2.939998     0.8959921     0.8429077E-01
    101  2.969998     0.9737229     0.8892117E-01
    102  2.999998      1.044168     0.9215137E-01
    103  3.029998      1.122808     0.9167082E-01
    104  3.059998      1.193839     0.9439311E-01
    105  3.089998      1.265150     0.9555665E-01
    106  3.119998      1.327802     0.9707469E-01
    107  3.149997      1.382599     0.9682323E-01
    108  3.179997      1.429158     0.9864369E-01
    109  3.209997      1.464187     0.1008002    
    110  3.239997      1.493589     0.1005267    
    111  3.269997      1.507307     0.9889474E-01
    112  3.299997      1.512905     0.9828290E-01
    113  3.329997      1.514091     0.9873911E-01
    114  3.359997      1.502396     0.9662171E-01
    115  3.389997      1.476402     0.9498922E-01
    116  3.419997      1.450364     0.9202515E-01
    117  3.449997      1.421106     0.9116356E-01
    118  3.479997      1.388573     0.8961258E-01
    119  3.509997      1.351932     0.8727951E-01
    120  3.539997      1.319936     0.8708808E-01
    121  3.569997      1.282395     0.8412690E-01
    122  3.599997      1.248962     0.8162553E-01
    123  3.629997      1.217071     0.7957262E-01
    124  3.659997      1.182164     0.7826678E-01
    125  3.689997      1.158338     0.7880639E-01
    126  3.719997      1.135499     0.7575838E-01
    127  3.749997      1.110295     0.7571431E-01
    128  3.779997      1.090872     0.7472458E-01
    129  3.809997      1.071484     0.7263338E-01
    130  3.839997      1.059286     0.7214923E-01
    131  3.869997      1.044629     0.7107218E-01
    132  3.899997      1.030895     0.6885459E-01
    133  3.929997      1.025304     0.6938836E-01
    134  3.959997      1.017001     0.6757184E-01
    135  3.989997      1.008714     0.6630385E-01
    136  4.019997      1.008830     0.6739696E-01
    137  4.049997     0.9999038     0.6683481E-01
    138  4.079998     0.9946317     0.6559664E-01
    139  4.109998     0.9922935     0.6563298E-01
    140  4.139998     0.9886937     0.6429294E-01
    141  4.169998     0.9886519     0.6288174E-01
    142  4.199998     0.9816748     0.6224772E-01
    143  4.229999     0.9813739     0.6208616E-01
    144  4.259999     0.9782985     0.6158686E-01
    145  4.289999     0.9764175     0.6167970E-01
    146  4.319999     0.9739811     0.6142551E-01
    147  4.349999     0.9728835     0.5976511E-01
    148  4.380000     0.9702784     0.6001640E-01
    149  4.410000     0.9663368     0.5898409E-01
    150  4.440000     0.9689949     0.5942304E-01
    151  4.470000     0.9665960     0.5819004E-01
    152  4.500000     0.9645776     0.5732160E-01
    153  4.530001     0.9628170     0.5726698E-01
    154  4.560001     0.9626991     0.5717948E-01
    155  4.590001     0.9600238     0.5769317E-01
    156  4.620001     0.9601253     0.5629970E-01
    157  4.650002     0.9606105     0.5557780E-01
    158  4.680002     0.9599030     0.5615181E-01
    159  4.710002     0.9615597     0.5640705E-01
    160  4.740002     0.9614902     0.5463243E-01
    161  4.770002     0.9633877     0.5464770E-01
    162  4.800003     0.9638413     0.5472563E-01
    163  4.830003     0.9666810     0.5508280E-01
    164  4.860003     0.9688212     0.5336190E-01
    165  4.890003     0.9709472     0.5363209E-01
    166  4.920003     0.9718258     0.5312289E-01
    167  4.950004     0.9741936     0.5212445E-01
    168  4.980004     0.9781371     0.5425582E-01
    169  5.010004     0.9809241     0.5208499E-01
    170  5.040004     0.9816260     0.5268009E-01
    171  5.070004     0.9825763     0.5183261E-01
    172  5.100005     0.9869361     0.5327191E-01
    173  5.130005     0.9869553     0.5210844E-01
    174  5.160005     0.9885221     0.5182916E-01
    175  5.190005     0.9917524     0.5207698E-01
    176  5.220006     0.9923909     0.5058898E-01
    177  5.250006     0.9933715     0.5103707E-01
    178  5.280006     0.9943268     0.5106101E-01
    179  5.310006     0.9940827     0.4990571E-01
    180  5.340006     0.9950622     0.4986628E-01
    181  5.370007     0.9942345     0.4817310E-01
    182  5.400007     0.9957180     0.4927590E-01
    183  5.430007     0.9949041     0.4931701E-01
    184  5.460007     0.9941904     0.4856067E-01
    185  5.490007     0.9940252     0.4774869E-01
    186  5.520008     0.9910007     0.4772059E-01
    187  5.550008     0.9916692     0.4752848E-01
    188  5.580008     0.9924330     0.4714127E-01
    189  5.610008     0.9907742     0.4650286E-01
    190  5.640008     0.9898409     0.4693917E-01
    191  5.670009     0.9896472     0.4691377E-01
    192  5.700009     0.9881582     0.4682093E-01
    193  5.730009     0.9894214     0.4568170E-01
    194  5.760009     0.9869801     0.4538259E-01
    195  5.790009     0.9860978     0.4626062E-01
    196  5.820010     0.9860447     0.4564124E-01
    197  5.850010     0.9841276     0.4463970E-01
    198  5.880010     0.9852687     0.4511320E-01
    199  5.910010     0.9847820     0.4508478E-01
    200  5.940011     0.9821514     0.4465104E-01
    201  5.970011     0.9841334     0.4320323E-01
    202  6.000011     0.9839352     0.4405775E-01
    203  6.030011     0.9820192     0.4323771E-01
    204  6.060011     0.9804544     0.4299441E-01
    205  6.090012     0.9827074     0.4324254E-01
    206  6.120012     0.9834236     0.4292989E-01
    207  6.150012     0.9832313     0.4317771E-01
    208  6.180012     0.9826680     0.4286528E-01
    209  6.210012     0.9821487     0.4267715E-01
    210  6.240013     0.9818724     0.4132905E-01
    211  6.270013     0.9844670     0.4220245E-01
    212  6.300013     0.9854634     0.4192187E-01
    213  6.330013     0.9856257     0.4213177E-01
    214  6.360013     0.9877070     0.4236315E-01
    215  6.390014     0.9880646     0.4114693E-01
    216  6.420014     0.9904132     0.4114041E-01
    217  6.450014     0.9912331     0.4136221E-01
    218  6.480014     0.9942166     0.4001449E-01
    219  6.510015     0.9947220     0.4011417E-01
    220  6.540015     0.9969131     0.3985928E-01
    221  6.570015     0.9964589     0.4045963E-01
    222  6.600015     0.9994643     0.4047215E-01
    223  6.630015      1.001202     0.4000928E-01
    224  6.660016      1.002324     0.3978369E-01
    225  6.690016      1.005312     0.3937255E-01
    226  6.720016      1.006382     0.3989590E-01
    227  6.750016      1.007465     0.3922695E-01
    228  6.780016      1.008395     0.3947083E-01
    229  6.810017      1.011125     0.3858658E-01
    230  6.840017      1.012156     0.3891574E-01
    231  6.870017      1.012966     0.3923607E-01
    232  6.900017      1.015342     0.3792597E-01
    233  6.930017      1.016934     0.3825303E-01
    234  6.960018      1.017906     0.3837593E-01
    235  6.990018      1.017573     0.3808281E-01
    236  7.020018      1.020107     0.3853711E-01
    237  7.050018      1.018690     0.3840232E-01
    238  7.080019      1.019893     0.3861437E-01
    239  7.110019      1.018513     0.3764835E-01
    240  7.140019      1.019288     0.3798721E-01
    241  7.170019      1.019751     0.3780949E-01
    242  7.200019      1.019502     0.3743720E-01
    243  7.230020      1.019743     0.3755800E-01
    244  7.260020      1.021246     0.3663411E-01
    245  7.290020      1.019829     0.3749288E-01
    246  7.320020      1.018096     0.3689513E-01
    247  7.350020      1.017582     0.3738462E-01
    248  7.380021      1.017571     0.3620697E-01
    249  7.410021      1.017297     0.3592768E-01
    250  7.440021      1.018250     0.3598239E-01
    251  7.470021      1.015450     0.3693711E-01
    252  7.500021      1.016254     0.3602874E-01
    253  7.530022      1.015553     0.3567128E-01
    254  7.560022      1.013945     0.3528487E-01
    255  7.590022      1.012861     0.3503907E-01
    256  7.620022      1.011510     0.3511384E-01
    257  7.650023      1.010484     0.3508327E-01
    258  7.680023      1.009496     0.3422500E-01
    259  7.710023      1.008863     0.3483947E-01
    260  7.740023      1.007017     0.3440737E-01
    261  7.770023      1.005073     0.3440911E-01
    262  7.800024      1.005030     0.3365955E-01
    263  7.830024      1.003011     0.3405740E-01
    264  7.860024      1.001287     0.3351758E-01
    265  7.890024     0.9995860     0.3433888E-01
    266  7.920024     0.9983325     0.3351314E-01
    267  7.950025     0.9979509     0.3304568E-01
    268  7.980025     0.9965994     0.3365246E-01
    269  8.010024     0.9946964     0.3286844E-01
    270  8.040024     0.9940214     0.3304387E-01
    271  8.070024     0.9937801     0.3248447E-01
    272  8.100023     0.9930223     0.3285756E-01
    273  8.130023     0.9910317     0.3247529E-01
    274  8.160023     0.9909296     0.3229769E-01
    275  8.190022     0.9909258     0.3267565E-01
    276  8.220022     0.9902164     0.3193299E-01
    277  8.250022     0.9891793     0.3204200E-01
    278  8.280022     0.9886398     0.3208290E-01
    279  8.310021     0.9886256     0.3112195E-01
    280  8.340021     0.9882094     0.3154331E-01
    281  8.370021     0.9886018     0.3159240E-01
    282  8.400021     0.9878677     0.3225152E-01
    283  8.430020     0.9879945     0.3150455E-01
    284  8.460020     0.9883150     0.3107211E-01
    285  8.490020     0.9876399     0.3125668E-01
    286  8.520020     0.9887956     0.3091827E-01
    287  8.550019     0.9889432     0.3116883E-01
    288  8.580019     0.9888853     0.3104044E-01
    289  8.610019     0.9890791     0.3058586E-01
    290  8.640018     0.9891782     0.3102508E-01
    291  8.670018     0.9903024     0.3086907E-01
    292  8.700018     0.9906271     0.3078690E-01
    293  8.730018     0.9896769     0.3044327E-01
    294  8.760017     0.9918118     0.3009968E-01
    295  8.790017     0.9928353     0.3011749E-01
    296  8.820017     0.9922991     0.3026556E-01
    297  8.850017     0.9929108     0.2991594E-01
    298  8.880016     0.9951417     0.2936191E-01
    299  8.910016     0.9950208     0.2993984E-01
    300  8.940016     0.9955956     0.2959142E-01
    301  8.970016     0.9961050     0.2917557E-01
    302  9.000015     0.9968708     0.2904760E-01
    303  9.030015     0.9965332     0.2898084E-01
    304  9.060015     0.9973122     0.2947436E-01
    305  9.090014     0.9980001     0.2949558E-01
    306  9.120014     0.9973230     0.2854149E-01
    307  9.150014     0.9971575     0.2893041E-01
    308  9.180014     0.9989827     0.2916331E-01
    309  9.210013     0.9996971     0.2902502E-01
    310  9.240013     0.9997231     0.2894791E-01
    311  9.270013      1.000292     0.2908657E-01
    312  9.300013      1.000085     0.2844002E-01
    313  9.330012      1.001142     0.2869042E-01
    314  9.360012      1.001304     0.2845469E-01
    315  9.390012      1.001695     0.2824655E-01
    316  9.420012      1.001143     0.2883134E-01
    317  9.450011      1.002837     0.2831610E-01
    318  9.480011      1.001940     0.2880032E-01
    319  9.510011      1.003536     0.2764940E-01
    320  9.540010      1.002942     0.2826132E-01
    321  9.570010      1.003327     0.2804112E-01
    322  9.600010      1.002561     0.2693304E-01
    323  9.630010      1.003311     0.2765155E-01
    324  9.660009      1.002824     0.2745904E-01
    325  9.690009      1.003182     0.2648673E-01
    326  9.720009      1.003780     0.2791970E-01
    327  9.750009      1.004576     0.2665497E-01
    328  9.780008      1.003021     0.2703244E-01
    329  9.810008      1.003986     0.2786200E-01
    330  9.840008      1.003222     0.2724548E-01
    331  9.870008      1.003681     0.2694631E-01
    332  9.900007      1.004197     0.2699935E-01
    333  9.930007      1.004315     0.2683104E-01
    334  9.960007      1.004469     0.2685991E-01
    335  9.990006      1.003865     0.2680215E-01
    336  10.02001      1.003957     0.2633552E-01
    337  10.05001      1.004601     0.2745904E-01
    338  10.08001      1.003662     0.2631741E-01
    339  10.11001      1.004401     0.2668849E-01
    340  10.14001      1.004180     0.2596858E-01
    341  10.17000      1.004289     0.2651821E-01
    342  10.20000      1.004778     0.2597087E-01
    343  10.23000      1.003845     0.2535539E-01
    344  10.26000      1.004827     0.2566149E-01
    345  10.29000      1.002941     0.2566381E-01
    346  10.32000      1.004183     0.2570559E-01
    347  10.35000      1.003481     0.2582126E-01
    348  10.38000      1.002572     0.2566614E-01
    349  10.41000      1.002921     0.2553809E-01
    350  10.44000      1.002621     0.2542816E-01
    351  10.47000      1.002042     0.2515952E-01
    352  10.50000      1.002790     0.2588351E-01
    353  10.53000      1.002829     0.2575192E-01
    354  10.56000      1.002544     0.2594102E-01
    355  10.59000      1.001515     0.2491192E-01
    356  10.62000      1.002737     0.2416622E-01
    357  10.65000      1.002279     0.2554042E-01
    358  10.68000      1.002113     0.2460860E-01
    359  10.71000      1.001812     0.2554276E-01
    360  10.74000      1.001697     0.2446771E-01
    361  10.77000      1.001624     0.2542816E-01
    362  10.80000      1.000856     0.2396063E-01
    363  10.83000     0.9993327     0.2456860E-01
    364  10.86000      1.001413     0.2458922E-01
    365  10.89000      1.000244     0.2409706E-01
    366  10.92000      1.000496     0.2393823E-01
    367  10.95000      1.000891     0.2403267E-01
    368  10.98000      1.000435     0.2412920E-01
    369  11.01000      1.000740     0.2408469E-01
    370  11.04000     0.9999489     0.2371811E-01
    371  11.07000      1.000467     0.2297777E-01
    372  11.10000     0.9995973     0.2466183E-01
    373  11.13000     0.9991900     0.2456618E-01
    374  11.16000      1.000143     0.2407727E-01
    375  11.19000     0.9986801     0.2389836E-01
    376  11.22000     0.9993251     0.2348831E-01
    377  11.25000     0.9986981     0.2369799E-01
    378  11.27999     0.9986188     0.2343241E-01
    379  11.30999     0.9985617     0.2352254E-01
    380  11.33999     0.9982331     0.2319721E-01
    381  11.36999     0.9988719     0.2384968E-01
    382  11.39999     0.9989137     0.2378210E-01
    383  11.42999     0.9985293     0.2308904E-01
    384  11.45999     0.9985128     0.2368416E-01
    385  11.48999     0.9978683     0.2304641E-01
    386  11.51999     0.9979641     0.2337766E-01
    387  11.54999     0.9985074     0.2340569E-01
    388  11.57999     0.9982732     0.2307484E-01
    389  11.60999     0.9988033     0.2309550E-01
    390  11.63999     0.9973204     0.2261037E-01
    391  11.66999     0.9978855     0.2259587E-01
    392  11.69999     0.9979606     0.2288159E-01
    393  11.72999     0.9977359     0.2294143E-01
    394  11.75999     0.9971473     0.2301276E-01
    395  11.78999     0.9975967     0.2180109E-01
    396  11.81999     0.9964535     0.2271426E-01
    397  11.84999     0.9971025     0.2215231E-01
    398  11.87999     0.9965497     0.2255759E-01
    399  11.90999     0.9966598     0.2264067E-01
    400  11.93999     0.9983563     0.2281376E-01
    401  11.96999     0.9971074     0.2243306E-01
    402  11.99999     0.9972667     0.2178878E-01
    403  12.02999     0.9976932     0.2282943E-01
    404  12.05999     0.9967555     0.2235720E-01
    405  12.08999     0.9974869     0.2202955E-01
    406  12.11999     0.9973198     0.2195773E-01
    407  12.14999     0.9973271     0.2204713E-01
    408  12.17999     0.9972445     0.2235720E-01
    409  12.20999     0.9973706     0.2219398E-01
    410  12.23999     0.9972757     0.2243306E-01
    411  12.26999     0.9973452     0.2169969E-01
    412  12.29999     0.9984260     0.2172989E-01
    413  12.32999     0.9981337     0.2253776E-01
    414  12.35999     0.9985650     0.2171205E-01
    415  12.38999     0.9989924     0.2216442E-01
    416  12.41998     0.9989083     0.2135358E-01
    417  12.44998     0.9989038     0.2175593E-01
    418  12.47998     0.9997615     0.2139820E-01
    419  12.50998     0.9998253     0.2159092E-01
    420  12.53998      1.000477     0.2137033E-01
    421  12.56998     0.9998767     0.2242110E-01
    422  12.59998     0.9999503     0.2152872E-01
    423  12.62998      1.000042     0.2077348E-01
    424  12.65998      1.000548     0.2136196E-01
    425  12.68998      1.000968     0.2173811E-01
    426  12.71998      1.000812     0.2127248E-01
    427  12.74998      1.000389     0.2132565E-01
    428  12.77998      1.000585     0.2017967E-01
    429  12.80998      1.001197     0.1988810E-01
    430  12.83998      1.001162     0.2090505E-01
    431  12.86998      1.001676     0.2104996E-01
    432  12.89998      1.001026     0.2132845E-01
    433  12.92998      1.001412     0.2187751E-01
    434  12.95998      1.001591     0.2070451E-01
    435  12.98998      1.001485     0.2154256E-01
    436  13.01998      1.001886     0.2208090E-01
    437  13.04998      1.002342     0.2149270E-01
    438  13.07998      1.001804     0.2148160E-01
    439  13.10998      1.002008     0.2144828E-01
    440  13.13998      1.001669     0.2065839E-01
    441  13.16998      1.001891     0.2141212E-01
    442  13.19998      1.001767     0.2176278E-01
    443  13.22998      1.001167     0.2114602E-01
    444  13.25998      1.001920     0.2117137E-01
    445  13.28998      1.001994     0.2135917E-01
    446  13.31998      1.002012     0.2241578E-01
    447  13.34998      1.001651     0.2173537E-01
    448  13.37998      1.001532     0.2180109E-01
    449  13.40998      1.001628     0.2208899E-01
    450  13.43998      1.001246     0.2162816E-01
    451  13.46998      1.001670     0.2096484E-01
    452  13.49998      1.001260     0.2102730E-01
    453  13.52997      1.001378     0.2178194E-01
    454  13.55997      1.000951     0.2183660E-01
    455  13.58997      1.001459     0.2254041E-01
    456  13.61997      1.001440     0.2181475E-01
    457  13.64997      1.001182     0.2199164E-01
    458  13.67997      1.001011     0.2151764E-01
    459  13.70997      1.000758     0.2203766E-01
    460  13.73997      1.000929     0.2236786E-01
    461  13.76997      1.001099     0.2226637E-01
    462  13.79997      1.001471     0.2233586E-01
    463  13.82997      1.002167     0.2253776E-01
    464  13.85997      1.000852     0.2161713E-01
    465  13.88997      1.001072     0.2175730E-01
    466  13.91997      1.000701     0.2242907E-01
    467  13.94997      1.000417     0.2197537E-01
    468  13.97997      1.000051     0.2235187E-01
    469  14.00997      1.000111     0.2291023E-01
    470  14.03997     0.9999019     0.2271164E-01
    471  14.06997     0.9995861     0.2286726E-01
    472  14.09997     0.9995063     0.2263014E-01
    473  14.12997     0.9991600     0.2308388E-01
    474  14.15997      1.000007     0.2325624E-01
    475  14.18997      1.000009     0.2324598E-01
    476  14.21997     0.9981313     0.2324085E-01
    477  14.24997     0.9986634     0.2299463E-01
    478  14.27997     0.9983529     0.2302700E-01
    479  14.30997     0.9991159     0.2248878E-01
    480  14.33997     0.9979969     0.2331128E-01
    481  14.36997     0.9983084     0.2268407E-01
    482  14.39997     0.9986197     0.2229179E-01
    483  14.42997     0.9977040     0.2322161E-01
    484  14.45997     0.9985297     0.2362747E-01
    485  14.48997     0.9979836     0.2316250E-01
    486  14.51997     0.9980221     0.2388090E-01
    487  14.54997     0.9986650     0.2216711E-01
    488  14.57997     0.9979460     0.2360727E-01
    489  14.60997     0.9974252     0.2361232E-01
    490  14.63997     0.9979260     0.2329977E-01
    491  14.66996     0.9977298     0.2242110E-01
    492  14.69996     0.9971428     0.2319850E-01
    493  14.72996     0.9975113     0.2308904E-01
    494  14.75996     0.9981714     0.2360096E-01
    495  14.78996     0.9982359     0.2369674E-01
    496  14.81996     0.9976556     0.2430885E-01
    497  14.84996     0.9979404     0.2450544E-01
    498  14.87996     0.9982444     0.2316507E-01
    499  14.90996     0.9979294     0.2317536E-01
    500  14.93996     0.9975750     0.2436885E-01
    501  14.96996     0.9978606     0.2363503E-01
    502  14.99996     0.9984276     0.2467149E-01
    503  15.02996     0.9990612     0.2431376E-01
    504  15.05996     0.9989240     0.2411931E-01
    505  15.08996     0.9985859     0.2373695E-01
    506  15.11996     0.9994292     0.2438108E-01
    507  15.14996     0.9990246     0.2492388E-01
    508  15.17996     0.9993321     0.2435785E-01
    509  15.20996     0.9997995     0.2428064E-01
    510  15.23996     0.9991692     0.2466304E-01
    511  15.26996     0.9993800     0.2611392E-01
    512  15.29996      1.000165     0.2533657E-01
    513  15.32996     0.9991328     0.2517965E-01
    514  15.35996     0.9999177     0.2545861E-01
    515  15.38996     0.9999628     0.2502888E-01
    516  15.41996     0.9988461     0.2519266E-01
    517  15.44996     0.9994907     0.2564058E-01
    518  15.47996     0.9988582     0.2531422E-01
    519  15.50996     0.9985034     0.2531892E-01
    520  15.53996     0.9991080     0.2507528E-01
    521  15.56996      1.000217     0.2601215E-01
    522  15.59996     0.9994800     0.2596972E-01
    523  15.62996     0.9994553     0.2588006E-01
    524  15.65996     0.9993548     0.2632760E-01
    525  15.68996     0.9999248     0.2611962E-01
    526  15.71996      1.000175     0.2595250E-01
    527  15.74996      1.000632     0.2644619E-01
    528  15.77995      1.001181     0.2630381E-01
    529  15.80995      1.000008     0.2548669E-01
    530  15.83995      1.001434     0.2662364E-01
    531  15.86995      1.000580     0.2620847E-01
    532  15.89995      1.000677     0.2643266E-01
    533  15.92995      1.002511     0.2681771E-01
    534  15.95995      1.002409     0.2687987E-01
    535  15.98995      1.002600     0.2755654E-01
    536  16.01995      1.003749     0.2741776E-01
    537  16.04996      1.003754     0.2748290E-01
    538  16.07996      1.003253     0.2698831E-01
    539  16.10996      1.003681     0.2726953E-01
    540  16.13996      1.004519     0.2629475E-01
    541  16.16996      1.004086     0.2767310E-01
    542  16.19996      1.004411     0.2821277E-01
    543  16.22996      1.003688     0.2845050E-01
    544  16.25996      1.003132     0.2780203E-01
    545  16.28996      1.002954     0.2931315E-01
    546  16.31996      1.003024     0.2839598E-01
    547  16.34996      1.002627     0.2857593E-01
    548  16.37996      1.001793     0.2853627E-01
    549  16.40996      1.001336     0.2885821E-01
    550  16.43996      1.001418     0.2861553E-01
    551  16.46996      1.000505     0.2916433E-01
    552  16.49997      1.000575     0.2893659E-01
    553  16.52997      1.000153     0.2958033E-01
    554  16.55997     0.9999318     0.2979516E-01
    555  16.58997     0.9996983     0.2962262E-01
    556  16.61997     0.9992849     0.2944704E-01
    557  16.64997     0.9989545     0.2949356E-01
    558  16.67997     0.9983304     0.3014123E-01
    559  16.70997     0.9986706     0.2960652E-01
    560  16.73997     0.9981823     0.3050097E-01
    561  16.76997     0.9968609     0.3090091E-01
    562  16.79997     0.9969555     0.3043348E-01
    563  16.82997     0.9981101     0.3124809E-01
    564  16.85997     0.9982241     0.3064524E-01
    565  16.88997     0.9990260     0.3061508E-01
    566  16.91998     0.9977547     0.3215991E-01
    567  16.94998     0.9986927     0.3181238E-01
    568  16.97998     0.9984325     0.3182174E-01
    569  17.00998      1.000490     0.3191993E-01
    570  17.03998     0.9990621     0.3146290E-01
    571  17.06998     0.9999962     0.3263458E-01
    572  17.09998     0.9993456     0.3288113E-01
    573  17.12998     0.9997727     0.3231614E-01
    574  17.15998      1.001718     0.3397504E-01
    575  17.18998      1.000113     0.3343390E-01
    576  17.21998      1.000131     0.3350691E-01
    577  17.24998     0.9994907     0.3438485E-01
    578  17.27998      1.000658     0.3365424E-01
    579  17.30998      1.000960     0.3380268E-01
    580  17.33998      1.000661     0.3387842E-01
    581  17.36999      1.001732     0.3499992E-01
    582  17.39999      1.003010     0.3582966E-01
    583  17.42999      1.002319     0.3518337E-01
    584  17.45999      1.001797     0.3483776E-01
    585  17.48999      1.003178     0.3670238E-01
    586  17.51999      1.002692     0.3579138E-01
    587  17.54999      1.003254     0.3570134E-01
    588  17.57999      1.002051     0.3701932E-01
    589  17.60999      1.002115     0.3750718E-01
    590  17.63999      1.002720     0.3773059E-01
    591  17.66999      1.001173     0.3713185E-01
    592  17.69999      1.003933     0.3957338E-01
    593  17.72999      1.002428     0.3835883E-01
    594  17.75999      1.003550     0.3914633E-01
    595  17.79000      1.002971     0.3953420E-01
    596  17.82000     0.9999992     0.1544081E-02
    597 0.0000000E+00 0.0000000E+00 0.0000000E+00
