Soper, ISRN Physical Chemistry 2013 (revised ambient-water RDFs)
T=298K 1atm gHH(r)

 Bin no.        r             g(r)        std.
      1 0.0000000E+00 0.0000000E+00 0.0000000E+00
      2 1.0000000E-02 0.0000000E+00 0.0000000E+00
      3 3.0000000E-02 0.0000000E+00 0.0000000E+00
      4 6.0000000E-02 0.0000000E+00 0.0000000E+00
      5 9.0000000E-02 0.0000000E+00 0.0000000E+00
      6 1.2000000E-01 0.0000000E+00 0.0000000E+00
      7 1.5000000E-01 0.0000000E+00 0.0000000E+00
      8 1.8000000E-01 0.0000000E+00 0.0000000E+00
      9 2.1000000E-01 0.0000000E+00 0.0000000E+00
     10 2.4000000E-01 0.0000000E+00 0.0000000E+00
     11 2.7000000E-01 0.0000000E+00 0.0000000E+00
     12 3.0000000E-01 0.0000000E+00 0.0000000E+00
     13 3.3000000E-01 0.0000000E+00 0.0000000E+00
     14 3.6000000E-01 0.0000000E+00 0.0000000E+00
     15 3.9000000E-01 0.0000000E+00 0.0000000E+00
     16 4.2000000E-01 0.0000000E+00 0.0000000E+00
     17 4.5000000E-01 0.0000000E+00 0.0000000E+00
     18 4.8000000E-01 0.0000000E+00 0.0000000E+00
     19 5.1000000E-01 0.0000000E+00 0.0000000E+00
     20 5.4000000E-01 0.0000000E+00 0.0000000E+00
     21 5.7000000E-01 0.0000000E+00 0.0000000E+00
     22 6.0000000E-01 0.0000000E+00 0.0000000E+00
     23 6.3000000E-01 0.0000000E+00 0.0000000E+00
     24 6.6000000E-01 0.0000000E+00 0.0000000E+00
     25 6.9000000E-01 0.0000000E+00 0.0000000E+00
     26 7.2000000E-01 0.0000000E+00 0.0000000E+00
     27 7.5000000E-01 0.0000000E+00 0.0000000E+00
     28 7.8000000E-01 0.0000000E+00 0.0000000E+00
     29 8.1000000E-01 0.0000000E+00 0.0000000E+00
     30 8.4000000E-01 0.0000000E+00 0.0000000E+00
     31 8.7000000E-01 0.0000000E+00 0.0000000E+00
     32 9.0000000E-01 0.0000000E+00 0.0000000E+00
     33 9.3000000E-01 0.0000000E+00 0.0000000E+00
     34 9.6000000E-01 0.0000000E+00 0.0000000E+00
     35 9.9000000E-01 0.0000000E+00 0.0000000E+00
     36 1.0200000E+00 0.0000000E+00 0.0000000E+00
     37 1.0500000E+00 0.0000000E+00 0.0000000E+00
     38 1.0800000E+00 1.0000000E-04 0.0000000E+00
     39 1.1100000E+00 1.0000000E-04 0.0000000E+00
     40 1.1400000E+00 1.0000000E-04 0.0000000E+00
     41 1.1700000E+00 1.0000000E-04 0.0000000E+00
     42 1.2000000E+00 2.0000000E-04 0.0000000E+00
     43 1.2300000E+00 2.0000000E-04 0.0000000E+00
     44 1.2600000E+00 3.0000000E-04 0.0000000E+00
     45 1.2900000E+00 3.0000000E-04 1.0000000E-04
     46 1.3200000E+00 4.0000000E-04 0.0000000E+00
     47 1.3500000E+00 5.0000000E-04 1.0000000E-04
     48 1.3800000E+00 6.0000000E-04 0.0000000E+00
     49 1.4100000E+00 7.0000000E-04 1.0000000E-04
     50 1.4400000E+00 1.0000000E-03 2.0000000E-04
     51 1.4700000E+00 1.6000000E-03 3.0000000E-04
     52 1.5000000E+00 2.8000000E-03 5.0000000E-04
     53 1.5300000E+00 5.2000000E-03 2.0000000E-04
     54 1.5600000E+00 1.0300000E-02 2.0000000E-03
     55 1.5900000E+00 1.9500000E-02 7.3000000E-03
     56 1.6200000E+00 3.3800000E-02 1.6400000E-02
     57 1.6500000E+00 5.3300000E-02 2.7100000E-02
     58 1.6800000E+00 7.7900000E-02 3.6500000E-02
     59 1.7100000E+00 1.0670000E-01 4.1700000E-02
     60 1.7400000E+00 1.4000000E-01 4.1700000E-02
     61 1.7700000E+00 1.7790000E-01 3.7100000E-02
     62 1.8000000E+00 2.2130000E-01 2.9000000E-02
     63 1.8300000E+00 2.6970000E-01 2.1100000E-02
     64 1.8600000E+00 3.2300000E-01 2.2800000E-02
     65 1.8900000E+00 3.8070000E-01 3.5600000E-02
     66 1.9200000E+00 4.4150000E-01 5.2500000E-02
     67 1.9500000E+00 5.0560000E-01 7.0500000E-02
     68 1.9800000E+00 5.7000000E-01 8.7900000E-02
     69 2.0100000E+00 6.3570000E-01 1.0380000E-01
     70 2.0400000E+00 7.0200000E-01 1.1670000E-01
     71 2.0700000E+00 7.6810000E-01 1.2660000E-01
     72 2.1000000E+00 8.3420000E-01 1.3150000E-01
     73 2.1300000E+00 9.0050000E-01 1.3240000E-01
     74 2.1600000E+00 9.6540000E-01 1.2740000E-01
     75 2.1900000E+00 1.0297000E+00 1.1680000E-01
     76 2.2200000E+00 1.0918000E+00 1.0020000E-01
     77 2.2500000E+00 1.1510000E+00 7.7800000E-02
     78 2.2800000E+00 1.2059000E+00 5.1600000E-02
     79 2.3100000E+00 1.2536000E+00 2.2100000E-02
     80 2.3400000E+00 1.2928000E+00 1.6900000E-02
     81 2.3700000E+00 1.3207000E+00 4.6100000E-02
     82 2.4000000E+00 1.3370000E+00 7.5100000E-02
     83 2.4300000E+00 1.3385000E+00 9.9300000E-02
     84 2.4600000E+00 1.3254000E+00 1.1690000E-01
     85 2.4900000E+00 1.2991000E+00 1.2610000E-01
     86 2.5200000E+00 1.2596000E+00 1.2790000E-01
     87 2.5500000E+00 1.2111000E+00 1.2320000E-01
     88 2.5800000E+00 1.1547000E+00 1.1320000E-01
     89 2.6100000E+00 1.0948000E+00 9.9600000E-02
     90 2.6400000E+00 1.0343000E+00 8.5700000E-02
     91 2.6700000E+00 9.7470000E-01 7.1100000E-02
     92 2.7000000E+00 9.1960000E-01 5.7800000E-02
     93 2.7300000E+00 8.6960000E-01 4.6200000E-02
     94 2.7600000E+00 8.2420000E-01 3.5800000E-02
     95 2.7900000E+00 7.8670000E-01 2.8600000E-02
     96 2.8200000E+00 7.5530000E-01 2.3700000E-02
     97 2.8500000E+00 7.3010000E-01 2.0100000E-02
     98 2.8800000E+00 7.1050000E-01 1.8800000E-02
     99 2.9100000E+00 6.9750000E-01 1.9000000E-02
    100 2.9400000E+00 6.8950000E-01 1.9700000E-02
    101 2.9700000E+00 6.8600000E-01 2.0600000E-02
    102 3.0000000E+00 6.8760000E-01 2.1700000E-02
    103 3.0300000E+00 6.9320000E-01 2.2700000E-02
    104 3.0600000E+00 7.0210000E-01 2.3500000E-02
    105 3.0900000E+00 7.1440000E-01 2.3800000E-02
    106 3.1200000E+00 7.3010000E-01 2.4300000E-02
    107 3.1500000E+00 7.4790000E-01 2.4800000E-02
    108 3.1800000E+00 7.6840000E-01 2.5000000E-02
    109 3.2100000E+00 7.9020000E-01 2.5300000E-02
    110 3.2400000E+00 8.1360000E-01 2.5200000E-02
    111 3.2700000E+00 8.3770000E-01 2.5600000E-02
    112 3.3000000E+00 8.6330000E-01 2.5800000E-02
    113 3.3300000E+00 8.8900000E-01 2.6100000E-02
    114 3.3600000E+00 9.1470000E-01 2.6500000E-02
    115 3.3900000E+00 9.4040000E-01 2.6600000E-02
    116 3.4200000E+00 9.6550000E-01 2.6600000E-02
    117 3.4500000E+00 9.8960000E-01 2.6800000E-02
    118 3.4800000E+00 1.0130000E+00 2.6400000E-02
    119 3.5100000E+00 1.0351000E+00 2.5900000E-02
    120 3.5400000E+00 1.0557000E+00 2.5000000E-02
    121 3.5700000E+00 1.0751000E+00 2.4200000E-02
    122 3.6000000E+00 1.0927000E+00 2.2400000E-02
    123 3.6300000E+00 1.1092000E+00 2.0600000E-02
    124 3.6600000E+00 1.1228000E+00 1.8600000E-02
    125 3.6900000E+00 1.1352000E+00 1.5900000E-02
    126 3.7200000E+00 1.1455000E+00 1.3300000E-02
    127 3.7500000E+00 1.1537000E+00 1.0800000E-02
    128 3.7800000E+00 1.1597000E+00 7.8000000E-03
    129 3.8100000E+00 1.1635000E+00 6.1000000E-03
    130 3.8400000E+00 1.1655000E+00 4.7000000E-03
    131 3.8700000E+00 1.1651000E+00 5.6000000E-03
    132 3.9000000E+00 1.1631000E+00 6.7000000E-03
    133 3.9300000E+00 1.1589000E+00 8.3000000E-03
    134 3.9600000E+00 1.1536000E+00 9.1000000E-03
    135 3.9900000E+00 1.1462000E+00 9.6000000E-03
    136 4.0200000E+00 1.1377000E+00 9.3000000E-03
    137 4.0500000E+00 1.1286000E+00 9.0000000E-03
    138 4.0800000E+00 1.1187000E+00 8.2000000E-03
    139 4.1100000E+00 1.1083000E+00 7.5000000E-03
    140 4.1400000E+00 1.0979000E+00 6.4000000E-03
    141 4.1700000E+00 1.0877000E+00 5.8000000E-03
    142 4.2000000E+00 1.0785000E+00 5.9000000E-03
    143 4.2300000E+00 1.0692000E+00 6.1000000E-03
    144 4.2600000E+00 1.0609000E+00 6.9000000E-03
    145 4.2900000E+00 1.0536000E+00 7.5000000E-03
    146 4.3200000E+00 1.0467000E+00 8.0000000E-03
    147 4.3500000E+00 1.0412000E+00 8.1000000E-03
    148 4.3800000E+00 1.0358000E+00 8.0000000E-03
    149 4.4100000E+00 1.0312000E+00 7.6000000E-03
    150 4.4400000E+00 1.0275000E+00 7.1000000E-03
    151 4.4700000E+00 1.0245000E+00 5.8000000E-03
    152 4.5000000E+00 1.0214000E+00 5.0000000E-03
    153 4.5300000E+00 1.0189000E+00 3.7000000E-03
    154 4.5600000E+00 1.0168000E+00 3.0000000E-03
    155 4.5900000E+00 1.0147000E+00 3.3000000E-03
    156 4.6200000E+00 1.0127000E+00 4.7000000E-03
    157 4.6500000E+00 1.0108000E+00 6.3000000E-03
    158 4.6800000E+00 1.0089000E+00 8.0000000E-03
    159 4.7100000E+00 1.0068000E+00 9.7000000E-03
    160 4.7400000E+00 1.0051000E+00 1.1500000E-02
    161 4.7700000E+00 1.0028000E+00 1.3000000E-02
    162 4.8000000E+00 1.0005000E+00 1.4000000E-02
    163 4.8300000E+00 9.9810000E-01 1.5200000E-02
    164 4.8600000E+00 9.9570000E-01 1.5800000E-02
    165 4.8900000E+00 9.9310000E-01 1.6400000E-02
    166 4.9200000E+00 9.9030000E-01 1.6800000E-02
    167 4.9500000E+00 9.8760000E-01 1.6600000E-02
    168 4.9800000E+00 9.8470000E-01 1.6400000E-02
    169 5.0100000E+00 9.8210000E-01 1.6100000E-02
    170 5.0400000E+00 9.7940000E-01 1.5500000E-02
    171 5.0700000E+00 9.7690000E-01 1.4600000E-02
    172 5.1000000E+00 9.7450000E-01 1.3600000E-02
    173 5.1300000E+00 9.7240000E-01 1.2500000E-02
    174 5.1600000E+00 9.7020000E-01 1.1400000E-02
    175 5.1900000E+00 9.6860000E-01 1.0000000E-02
    176 5.2200000E+00 9.6680000E-01 8.8000000E-03
    177 5.2500000E+00 9.6580000E-01 7.6000000E-03
    178 5.2800000E+00 9.6480000E-01 6.3000000E-03
    179 5.3100000E+00 9.6390000E-01 4.9000000E-03
    180 5.3400000E+00 9.6360000E-01 3.6000000E-03
    181 5.3700000E+00 9.6350000E-01 2.4000000E-03
    182 5.4000000E+00 9.6320000E-01 1.8000000E-03
    183 5.4300000E+00 9.6370000E-01 1.6000000E-03
    184 5.4600000E+00 9.6410000E-01 2.0000000E-03
    185 5.4900000E+00 9.6520000E-01 2.9000000E-03
    186 5.5200000E+00 9.6630000E-01 3.7000000E-03
    187 5.5500000E+00 9.6760000E-01 4.3000000E-03
    188 5.5800000E+00 9.6920000E-01 4.9000000E-03
    189 5.6100000E+00 9.7080000E-01 5.3000000E-03
    190 5.6400000E+00 9.7250000E-01 5.6000000E-03
    191 5.6700000E+00 9.7460000E-01 5.8000000E-03
    192 5.7000000E+00 9.7670000E-01 5.7000000E-03
    193 5.7300000E+00 9.7900000E-01 5.6000000E-03
    194 5.7600000E+00 9.8100000E-01 5.2000000E-03
    195 5.7900000E+00 9.8340000E-01 5.0000000E-03
    196 5.8200000E+00 9.8600000E-01 4.6000000E-03
    197 5.8500000E+00 9.8810000E-01 4.0000000E-03
    198 5.8800000E+00 9.9010000E-01 3.3000000E-03
    199 5.9100000E+00 9.9230000E-01 2.5000000E-03
    200 5.9400000E+00 9.9430000E-01 2.3000000E-03
    201 5.9700000E+00 9.9600000E-01 2.0000000E-03
    202 6.0000000E+00 9.9770000E-01 1.9000000E-03
    203 6.0300000E+00 9.9930000E-01 2.1000000E-03
    204 6.0600000E+00 1.0005000E+00 2.5000000E-03
    205 6.0900000E+00 1.0016000E+00 2.9000000E-03
    206 6.1200000E+00 1.0026000E+00 3.3000000E-03
    207 6.1500000E+00 1.0033000E+00 3.6000000E-03
    208 6.1800000E+00 1.0037000E+00 3.6000000E-03
    209 6.2100000E+00 1.0039000E+00 3.8000000E-03
    210 6.2400000E+00 1.0039000E+00 3.8000000E-03
    211 6.2700000E+00 1.0039000E+00 3.7000000E-03
    212 6.3000000E+00 1.0038000E+00 3.3000000E-03
    213 6.3300000E+00 1.0035000E+00 3.1000000E-03
    214 6.3600000E+00 1.0030000E+00 2.8000000E-03
    215 6.3900000E+00 1.0025000E+00 2.5000000E-03
    216 6.4200000E+00 1.0021000E+00 2.0000000E-03
    217 6.4500000E+00 1.0013000E+00 1.4000000E-03
    218 6.4800000E+00 1.0007000E+00 1.3000000E-03
    219 6.5100000E+00 1.0000000E+00 1.3000000E-03
    220 6.5400000E+00 9.9950000E-01 1.4000000E-03
    221 6.5700000E+00 9.9900000E-01 1.8000000E-03
    222 6.6000000E+00 9.9870000E-01 2.2000000E-03
    223 6.6300000E+00 9.9820000E-01 2.5000000E-03
    224 6.6600000E+00 9.9820000E-01 3.1000000E-03
    225 6.6900000E+00 9.9800000E-01 3.3000000E-03
    226 6.7200000E+00 9.9760000E-01 3.7000000E-03
    227 6.7500000E+00 9.9790000E-01 4.1000000E-03
    228 6.7800000E+00 9.9790000E-01 4.2000000E-03
    229 6.8100000E+00 9.9790000E-01 4.3000000E-03
    230 6.8400000E+00 9.9820000E-01 4.3000000E-03
    231 6.8700000E+00 9.9840000E-01 4.5000000E-03
    232 6.9000000E+00 9.9890000E-01 4.5000000E-03
    233 6.9300000E+00 9.9930000E-01 4.5000000E-03
    234 6.9600000E+00 1.0000000E+00 4.2000000E-03
    235 6.9900000E+00 1.0004000E+00 4.0000000E-03
    236 7.0200000E+00 1.0010000E+00 3.7000000E-03
    237 7.0500000E+00 1.0016000E+00 3.5000000E-03
    238 7.0800000E+00 1.0021000E+00 3.1000000E-03
    239 7.1100000E+00 1.0028000E+00 2.8000000E-03
    240 7.1400000E+00 1.0033000E+00 2.5000000E-03
    241 7.1700000E+00 1.0041000E+00 2.2000000E-03
    242 7.2000000E+00 1.0046000E+00 2.0000000E-03
    243 7.2300000E+00 1.0053000E+00 1.5000000E-03
    244 7.2600000E+00 1.0058000E+00 1.3000000E-03
    245 7.2900000E+00 1.0062000E+00 1.1000000E-03
    246 7.3200000E+00 1.0069000E+00 9.0000000E-04
    247 7.3500000E+00 1.0072000E+00 9.0000000E-04
    248 7.3800000E+00 1.0076000E+00 8.0000000E-04
    249 7.4100000E+00 1.0078000E+00 8.0000000E-04
    250 7.4400000E+00 1.0081000E+00 9.0000000E-04
    251 7.4700000E+00 1.0083000E+00 1.1000000E-03
    252 7.5000000E+00 1.0084000E+00 1.0000000E-03
    253 7.5300000E+00 1.0087000E+00 1.1000000E-03
    254 7.5600000E+00 1.0088000E+00 1.2000000E-03
    255 7.5900000E+00 1.0087000E+00 1.2000000E-03
    256 7.6200000E+00 1.0087000E+00 1.2000000E-03
    257 7.6500000E+00 1.0088000E+00 1.2000000E-03
    258 7.6800000E+00 1.0085000E+00 1.2000000E-03
    259 7.7100000E+00 1.0084000E+00 1.2000000E-03
    260 7.7400000E+00 1.0082000E+00 1.3000000E-03
    261 7.7700000E+00 1.0081000E+00 1.4000000E-03
    262 7.8000000E+00 1.0079000E+00 1.5000000E-03
    263 7.8300000E+00 1.0077000E+00 1.5000000E-03
    264 7.8600000E+00 1.0074000E+00 1.6000000E-03
    265 7.8900000E+00 1.0072000E+00 1.6000000E-03
    266 7.9200000E+00 1.0071000E+00 1.5000000E-03
    267 7.9500000E+00 1.0067000E+00 1.7000000E-03
    268 7.9800000E+00 1.0063000E+00 1.8000000E-03
    269 8.0100000E+00 1.0061000E+00 1.6000000E-03
    270 8.0400000E+00 1.0058000E+00 1.7000000E-03
    271 8.0700000E+00 1.0055000E+00 1.8000000E-03
    272 8.1000000E+00 1.0051000E+00 1.7000000E-03
    273 8.1300000E+00 1.0048000E+00 1.7000000E-03
    274 8.1600000E+00 1.0044000E+00 1.6000000E-03
    275 8.1900000E+00 1.0040000E+00 1.6000000E-03
    276 8.2200000E+00 1.0037000E+00 1.7000000E-03
    277 8.2500000E+00 1.0033000E+00 1.7000000E-03
    278 8.2800000E+00 1.0030000E+00 1.7000000E-03
    279 8.3100000E+00 1.0024000E+00 1.7000000E-03
    280 8.3400000E+00 1.0019000E+00 1.8000000E-03
    281 8.3700000E+00 1.0013000E+00 1.7000000E-03
    282 8.4000000E+00 1.0010000E+00 1.8000000E-03
    283 8.4300000E+00 1.0003000E+00 1.9000000E-03
    284 8.4600000E+00 9.9980000E-01 1.8000000E-03
    285 8.4900000E+00 9.9920000E-01 1.8000000E-03
    286 8.5200000E+00 9.9860000E-01 1.8000000E-03
    287 8.5500000E+00 9.9810000E-01 1.8000000E-03
    288 8.5800000E+00 9.9750000E-01 1.8000000E-03
    289 8.6100000E+00 9.9710000E-01 1.7000000E-03
    290 8.6400000E+00 9.9640000E-01 1.6000000E-03
    291 8.6700000E+00 9.9600000E-01 1.6000000E-03
    292 8.7000000E+00 9.9550000E-01 1.5000000E-03
    293 8.7300000E+00 9.9510000E-01 1.3000000E-03
    294 8.7600000E+00 9.9450000E-01 1.2000000E-03
    295 8.7900000E+00 9.9410000E-01 1.1000000E-03
    296 8.8200000E+00 9.9380000E-01 8.0000000E-04
    297 8.8500000E+00 9.9340000E-01 7.0000000E-04
    298 8.8800000E+00 9.9310000E-01 8.0000000E-04
    299 8.9100000E+00 9.9300000E-01 8.0000000E-04
    300 8.9400000E+00 9.9280000E-01 1.0000000E-03
    301 8.9700000E+00 9.9270000E-01 1.0000000E-03
    302 9.0000000E+00 9.9260000E-01 1.3000000E-03
    303 9.0300000E+00 9.9270000E-01 1.5000000E-03
    304 9.0600000E+00 9.9280000E-01 1.6000000E-03
    305 9.0900000E+00 9.9280000E-01 1.6000000E-03
    306 9.1200000E+00 9.9300000E-01 1.8000000E-03
    307 9.1500000E+00 9.9310000E-01 1.8000000E-03
    308 9.1800000E+00 9.9330000E-01 1.9000000E-03
    309 9.2100000E+00 9.9360000E-01 1.9000000E-03
    310 9.2400000E+00 9.9390000E-01 2.0000000E-03
    311 9.2700000E+00 9.9410000E-01 1.8000000E-03
    312 9.3000000E+00 9.9450000E-01 1.9000000E-03
    313 9.3300000E+00 9.9500000E-01 1.9000000E-03
    314 9.3600000E+00 9.9520000E-01 1.7000000E-03
    315 9.3900000E+00 9.9570000E-01 1.6000000E-03
    316 9.4200000E+00 9.9620000E-01 1.5000000E-03
    317 9.4500000E+00 9.9660000E-01 1.2000000E-03
    318 9.4800000E+00 9.9700000E-01 1.2000000E-03
    319 9.5100000E+00 9.9760000E-01 1.0000000E-03
    320 9.5400000E+00 9.9780000E-01 8.0000000E-04
    321 9.5700000E+00 9.9840000E-01 7.0000000E-04
    322 9.6000000E+00 9.9890000E-01 5.0000000E-04
    323 9.6300000E+00 9.9930000E-01 4.0000000E-04
    324 9.6600000E+00 9.9970000E-01 3.0000000E-04
    325 9.6900000E+00 1.0003000E+00 3.0000000E-04
    326 9.7200000E+00 1.0004000E+00 6.0000000E-04
    327 9.7500000E+00 1.0009000E+00 4.0000000E-04
    328 9.7800000E+00 1.0013000E+00 6.0000000E-04
    329 9.8100000E+00 1.0015000E+00 7.0000000E-04
    330 9.8400000E+00 1.0019000E+00 7.0000000E-04
    331 9.8700000E+00 1.0020000E+00 8.0000000E-04
    332 9.9000000E+00 1.0023000E+00 7.0000000E-04
    333 9.9300000E+00 1.0026000E+00 7.0000000E-04
    334 9.9600000E+00 1.0027000E+00 8.0000000E-04
    335 9.9900000E+00 1.0029000E+00 7.0000000E-04
    336 1.0020000E+01 1.0030000E+00 7.0000000E-04
    337 1.0050000E+01 1.0031000E+00 7.0000000E-04
    338 1.0080000E+01 1.0032000E+00 7.0000000E-04
    339 1.0110000E+01 1.0033000E+00 7.0000000E-04
    340 1.0140000E+01 1.0033000E+00 7.0000000E-04
    341 1.0170000E+01 1.0033000E+00 8.0000000E-04
    342 1.0200000E+01 1.0032000E+00 9.0000000E-04
    343 1.0230000E+01 1.0033000E+00 9.0000000E-04
    344 1.0260000E+01 1.0032000E+00 1.0000000E-03
    345 1.0290000E+01 1.0031000E+00 1.0000000E-03
    346 1.0320000E+01 1.0031000E+00 1.1000000E-03
    347 1.0350000E+01 1.0030000E+00 1.2000000E-03
    348 1.0380000E+01 1.0030000E+00 1.1000000E-03
    349 1.0410000E+01 1.0028000E+00 1.1000000E-03
    350 1.0440000E+01 1.0028000E+00 9.0000000E-04
    351 1.0470000E+01 1.0027000E+00 1.0000000E-03
    352 1.0500000E+01 1.0027000E+00 1.0000000E-03
    353 1.0530000E+01 1.0026000E+00 8.0000000E-04
    354 1.0560000E+01 1.0024000E+00 7.0000000E-04
    355 1.0590000E+01 1.0024000E+00 5.0000000E-04
    356 1.0620000E+01 1.0023000E+00 5.0000000E-04
    357 1.0650000E+01 1.0022000E+00 5.0000000E-04
    358 1.0680000E+01 1.0022000E+00 6.0000000E-04
    359 1.0710000E+01 1.0020000E+00 7.0000000E-04
    360 1.0740000E+01 1.0020000E+00 1.0000000E-03
    361 1.0770000E+01 1.0018000E+00 1.4000000E-03
    362 1.0800000E+01 1.0016000E+00 1.4000000E-03
    363 1.0830000E+01 1.0017000E+00 1.6000000E-03
    364 1.0860000E+01 1.0015000E+00 1.9000000E-03
    365 1.0890000E+01 1.0014000E+00 2.1000000E-03
    366 1.0920000E+01 1.0013000E+00 2.2000000E-03
    367 1.0950000E+01 1.0012000E+00 2.4000000E-03
    368 1.0980000E+01 1.0009000E+00 2.6000000E-03
    369 1.1010000E+01 1.0009000E+00 2.6000000E-03
    370 1.1040000E+01 1.0007000E+00 2.7000000E-03
    371 1.1070000E+01 1.0005000E+00 2.6000000E-03
    372 1.1100000E+01 1.0004000E+00 2.6000000E-03
    373 1.1130000E+01 1.0003000E+00 2.4000000E-03
    374 1.1160000E+01 1.0000000E+00 2.3000000E-03
    375 1.1190000E+01 9.9990000E-01 2.3000000E-03
    376 1.1220000E+01 9.9980000E-01 2.0000000E-03
    377 1.1250000E+01 9.9960000E-01 1.7000000E-03
    378 1.1280000E+01 9.9950000E-01 1.5000000E-03
    379 1.1310000E+01 9.9940000E-01 1.2000000E-03
    380 1.1340000E+01 9.9910000E-01 1.0000000E-03
    381 1.1370000E+01 9.9900000E-01 6.0000000E-04
    382 1.1400000E+01 9.9890000E-01 5.0000000E-04
    383 1.1430000E+01 9.9870000E-01 4.0000000E-04
    384 1.1460000E+01 9.9860000E-01 6.0000000E-04
    385 1.1490000E+01 9.9860000E-01 9.0000000E-04
    386 1.1520000E+01 9.9840000E-01 1.2000000E-03
    387 1.1550000E+01 9.9840000E-01 1.4000000E-03
    388 1.1580000E+01 9.9840000E-01 1.7000000E-03
    389 1.1610000E+01 9.9840000E-01 1.9000000E-03
    390 1.1640000E+01 9.9840000E-01 2.1000000E-03
    391 1.1670000E+01 9.9840000E-01 2.1000000E-03
    392 1.1700000E+01 9.9840000E-01 2.2000000E-03
    393 1.1730000E+01 9.9840000E-01 2.3000000E-03
    394 1.1760000E+01 9.9850000E-01 2.2000000E-03
    395 1.1790000E+01 9.9860000E-01 2.1000000E-03
    396 1.1820000E+01 9.9870000E-01 2.0000000E-03
    397 1.1850000E+01 9.9880000E-01 1.9000000E-03
    398 1.1880000E+01 9.9890000E-01 1.8000000E-03
    399 1.1910000E+01 9.9900000E-01 1.6000000E-03
    400 1.1940000E+01 9.9920000E-01 1.4000000E-03
    401 1.1970000E+01 9.9920000E-01 1.2000000E-03
    402 1.2000000E+01 9.9930000E-01 1.0000000E-03
    403 1.2030000E+01 9.9950000E-01 7.0000000E-04
    404 1.2060000E+01 9.9960000E-01 6.0000000E-04
    405 1.2090000E+01 9.9960000E-01 5.0000000E-04
    406 1.2120000E+01 9.9970000E-01 5.0000000E-04
    407 1.2150000E+01 9.9980000E-01 4.0000000E-04
    408 1.2180000E+01 9.9980000E-01 4.0000000E-04
    409 1.2210000E+01 9.9980000E-01 5.0000000E-04
    410 1.2240000E+01 9.9970000E-01 5.0000000E-04
    411 1.2270000E+01 9.9970000E-01 5.0000000E-04
    412 1.2300000E+01 9.9970000E-01 5.0000000E-04
    413 1.2330000E+01 9.9980000E-01 6.0000000E-04
    414 1.2360000E+01 9.9970000E-01 5.0000000E-04
    415 1.2390000E+01 9.9970000E-01 6.0000000E-04
    416 1.2420000E+01 9.9970000E-01 5.0000000E-04
    417 1.2450000E+01 9.9970000E-01 5.0000000E-04
    418 1.2480000E+01 9.9970000E-01 5.0000000E-04
    419 1.2510000E+01 9.9960000E-01 6.0000000E-04
    420 1.2540000E+01 9.9950000E-01 4.0000000E-04
    421 1.2570000E+01 9.9940000E-01 5.0000000E-04
    422 1.2600000E+01 9.9940000E-01 4.0000000E-04
    423 1.2630000E+01 9.9940000E-01 4.0000000E-04
    424 1.2660000E+01 9.9940000E-01 4.0000000E-04
    425 1.2690000E+01 9.9940000E-01 4.0000000E-04
    426 1.2720000E+01 9.9940000E-01 3.0000000E-04
    427 1.2750000E+01 9.9930000E-01 4.0000000E-04
    428 1.2780000E+01 9.9930000E-01 4.0000000E-04
    429 1.2810000E+01 9.9930000E-01 3.0000000E-04
    430 1.2840000E+01 9.9930000E-01 3.0000000E-04
    431 1.2870000E+01 9.9930000E-01 4.0000000E-04
    432 1.2900000E+01 9.9930000E-01 3.0000000E-04
    433 1.2930000E+01 9.9940000E-01 4.0000000E-04
    434 1.2960000E+01 9.9940000E-01 4.0000000E-04
    435 1.2990000E+01 9.9930000E-01 4.0000000E-04
    436 1.3020000E+01 9.9950000E-01 4.0000000E-04
    437 1.3050000E+01 9.9960000E-01 4.0000000E-04
    438 1.3080000E+01 9.9960000E-01 3.0000000E-04
    439 1.3110000E+01 9.9960000E-01 3.0000000E-04
    440 1.3140000E+01 9.9960000E-01 4.0000000E-04
    441 1.3170000E+01 9.9970000E-01 4.0000000E-04
    442 1.3200000E+01 9.9980000E-01 3.0000000E-04
    443 1.3230000E+01 9.9990000E-01 3.0000000E-04
    444 1.3260000E+01 9.9990000E-01 3.0000000E-04
    445 1.3290000E+01 1.0000000E+00 3.0000000E-04
    446 1.3320000E+01 1.0000000E+00 3.0000000E-04
    447 1.3350000E+01 1.0001000E+00 3.0000000E-04
    448 1.3380000E+01 1.0001000E+00 3.0000000E-04
    449 1.3410000E+01 1.0002000E+00 3.0000000E-04
    450 1.3440000E+01 1.0002000E+00 2.0000000E-04
    451 1.3470000E+01 1.0003000E+00 3.0000000E-04
    452 1.3500000E+01 1.0003000E+00 3.0000000E-04
    453 1.3530000E+01 1.0004000E+00 3.0000000E-04
    454 1.3560000E+01 1.0004000E+00 3.0000000E-04
    455 1.3590000E+01 1.0004000E+00 3.0000000E-04
    456 1.3620000E+01 1.0005000E+00 4.0000000E-04
    457 1.3650000E+01 1.0004000E+00 3.0000000E-04
    458 1.3680000E+01 1.0005000E+00 3.0000000E-04
    459 1.3710000E+01 1.0005000E+00 3.0000000E-04
    460 1.3740000E+01 1.0006000E+00 3.0000000E-04
    461 1.3770000E+01 1.0006000E+00 3.0000000E-04
    462 1.3800000E+01 1.0006000E+00 4.0000000E-04
    463 1.3830000E+01 1.0006000E+00 3.0000000E-04
    464 1.3860000E+01 1.0007000E+00 3.0000000E-04
    465 1.3890000E+01 1.0006000E+00 3.0000000E-04
    466 1.3920000E+01 1.0006000E+00 3.0000000E-04
    467 1.3950000E+01 1.0007000E+00 3.0000000E-04
    468 1.3980000E+01 1.0007000E+00 3.0000000E-04
    469 1.4010000E+01 1.0007000E+00 3.0000000E-04
    470 1.4040000E+01 1.0007000E+00 3.0000000E-04
    471 1.4070000E+01 1.0007000E+00 4.0000000E-04
    472 1.4100000E+01 1.0007000E+00 3.0000000E-04
    473 1.4130000E+01 1.0007000E+00 3.0000000E-04
    474 1.4160000E+01 1.0007000E+00 3.0000000E-04
    475 1.4190000E+01 1.0006000E+00 4.0000000E-04
    476 1.4220000E+01 1.0007000E+00 5.0000000E-04
    477 1.4250000E+01 1.0006000E+00 5.0000000E-04
    478 1.4280000E+01 1.0006000E+00 5.0000000E-04
    479 1.4310000E+01 1.0006000E+00 6.0000000E-04
    480 1.4340000E+01 1.0006000E+00 7.0000000E-04
    481 1.4370000E+01 1.0005000E+00 6.0000000E-04
    482 1.4400000E+01 1.0005000E+00 7.0000000E-04
    483 1.4430000E+01 1.0004000E+00 7.0000000E-04
    484 1.4460000E+01 1.0004000E+00 6.0000000E-04
    485 1.4490000E+01 1.0004000E+00 7.0000000E-04
    486 1.4520000E+01 1.0004000E+00 6.0000000E-04
    487 1.4550000E+01 1.0003000E+00 6.0000000E-04
    488 1.4580000E+01 1.0002000E+00 6.0000000E-04
    489 1.4610000E+01 1.0001000E+00 7.0000000E-04
    490 1.4640000E+01 1.0001000E+00 6.0000000E-04
    491 1.4670000E+01 1.0000000E+00 6.0000000E-04
    492 1.4700000E+01 1.0000000E+00 5.0000000E-04
    493 1.4730000E+01 1.0000000E+00 4.0000000E-04
    494 1.4760000E+01 9.9990000E-01 5.0000000E-04
    495 1.4790000E+01 9.9980000E-01 5.0000000E-04
    496 1.4820000E+01 9.9980000E-01 4.0000000E-04
    497 1.4850000E+01 9.9970000E-01 4.0000000E-04
    498 1.4880000E+01 9.9970000E-01 4.0000000E-04
    499 1.4910000E+01 9.9960000E-01 3.0000000E-04
    500 1.4940000E+01 9.9960000E-01 2.0000000E-04
    501 1.4970000E+01 9.9950000E-01 2.0000000E-04
    502 1.5000000E+01 9.9950000E-01 2.0000000E-04
    503 1.5030000E+01 9.9950000E-01 2.0000000E-04
    504 1.5060000E+01 9.9940000E-01 2.0000000E-04
    505 1.5090000E+01 9.9950000E-01 2.0000000E-04
    506 1.5120000E+01 9.9950000E-01 2.0000000E-04
    507 1.5150000E+01 9.9940000E-01 3.0000000E-04
    508 1.5180000E+01 9.9930000E-01 3.0000000E-04
    509 1.5210000E+01 9.9940000E-01 3.0000000E-04
    510 1.5240000E+01 9.9930000E-01 3.0000000E-04
    511 1.5270000E+01 9.9940000E-01 3.0000000E-04
    512 1.5300000E+01 9.9940000E-01 3.0000000E-04
    513 1.5330000E+01 9.9940000E-01 4.0000000E-04
    514 1.5360000E+01 9.9940000E-01 3.0000000E-04
    515 1.5390000E+01 9.9940000E-01 4.0000000E-04
    516 1.5420000E+01 9.9940000E-01 4.0000000E-04
    517 1.5450000E+01 9.9940000E-01 4.0000000E-04
    518 1.5480000E+01 9.9950000E-01 4.0000000E-04
    519 1.5510000E+01 9.9940000E-01 3.0000000E-04
    520 1.5540000E+01 9.9950000E-01 3.0000000E-04
    521 1.5570000E+01 9.9940000E-01 4.0000000E-04
    522 1.5600000E+01 9.9960000E-01 4.0000000E-04
    523 1.5630000E+01 9.9960000E-01 3.0000000E-04
    524 1.5660000E+01 9.9960000E-01 3.0000000E-04
    525 1.5690000E+01 9.9960000E-01 3.0000000E-04
    526 1.5720000E+01 9.9960000E-01 4.0000000E-04
    527 1.5750000E+01 9.9960000E-01 3.0000000E-04
    528 1.5780000E+01 9.9970000E-01 2.0000000E-04
    529 1.5810000E+01 9.9970000E-01 3.0000000E-04
    530 1.5840000E+01 9.9980000E-01 2.0000000E-04
    531 1.5870000E+01 9.9960000E-01 2.0000000E-04
    532 1.5900000E+01 9.9970000E-01 3.0000000E-04
    533 1.5930000E+01 9.9970000E-01 2.0000000E-04
    534 1.5960000E+01 9.9970000E-01 3.0000000E-04
    535 1.5990000E+01 9.9990000E-01 1.0000000E-04
    536 1.6020000E+01 9.9970000E-01 2.0000000E-04
    537 1.6050000E+01 9.9980000E-01 2.0000000E-04
    538 1.6080000E+01 9.9970000E-01 2.0000000E-04
    539 1.6110000E+01 9.9980000E-01 2.0000000E-04
    540 1.6140000E+01 1.0000000E+00 2.0000000E-04
    541 1.6170000E+01 9.9990000E-01 2.0000000E-04
    542 1.6200000E+01 9.9990000E-01 1.0000000E-04
    543 1.6230000E+01 9.9990000E-01 2.0000000E-04
    544 1.6260000E+01 1.0000000E+00 1.0000000E-04
    545 1.6290000E+01 9.9990000E-01 1.0000000E-04
    546 1.6320000E+01 1.0000000E+00 1.0000000E-04
    547 1.6350000E+01 9.9990000E-01 1.0000000E-04
    548 1.6380000E+01 1.0000000E+00 1.0000000E-04
    549 1.6410000E+01 1.0001000E+00 2.0000000E-04
    550 1.6440000E+01 9.9990000E-01 1.0000000E-04
    551 1.6470000E+01 1.0000000E+00 1.0000000E-04
    552 1.6500000E+01 1.0003000E+00 2.0000000E-04
    553 1.6530000E+01 1.0001000E+00 1.0000000E-04
    554 1.6560000E+01 1.0001000E+00 1.0000000E-04
    555 1.6590000E+01 1.0000000E+00 2.0000000E-04
    556 1.6620000E+01 1.0002000E+00 1.0000000E-04
    557 1.6650000E+01 1.0001000E+00 2.0000000E-04
    558 1.6680000E+01 1.0001000E+00 2.0000000E-04
    559 1.6710000E+01 1.0001000E+00 1.0000000E-04
    560 1.6740000E+01 1.0002000E+00 1.0000000E-04
    561 1.6770000E+01 1.0002000E+00 2.0000000E-04
    562 1.6800000E+01 1.0001000E+00 2.0000000E-04
    563 1.6830000E+01 1.0001000E+00 1.0000000E-04
    564 1.6860000E+01 1.0002000E+00 1.0000000E-04
    565 1.6890000E+01 1.0002000E+00 1.0000000E-04
    566 1.6920000E+01 1.0001000E+00 1.0000000E-04
    567 1.6950000E+01 1.0003000E+00 2.0000000E-04
    568 1.6980000E+01 1.0001000E+00 1.0000000E-04
    569 1.7010000E+01 1.0002000E+00 2.0000000E-04
    570 1.7040000E+01 1.0000000E+00 1.0000000E-04
    571 1.7070000E+01 1.0001000E+00 2.0000000E-04
    572 1.7100000E+01 1.0001000E+00 1.0000000E-04
    573 1.7130000E+01 1.0002000E+00 1.0000000E-04
    574 1.7160000E+01 1.0001000E+00 1.0000000E-04
    575 1.7190000E+01 1.0000000E+00 1.0000000E-04
    576 1.7220000E+01 1.0002000E+00 1.0000000E-04
    577 1.7250000E+01 1.0001000E+00 1.0000000E-04
    578 1.7280000E+01 1.0001000E+00 2.0000000E-04
    579 1.7310000E+01 1.0002000E+00 2.0000000E-04
    580 1.7340000E+01 1.0000000E+00 1.0000000E-04
    581 1.7370000E+01 1.0001000E+00 2.0000000E-04
    582 1.7400000E+01 1.0001000E+00 2.0000000E-04
    583 1.7430000E+01 1.0001000E+00 2.0000000E-04
    584 1.7460000E+01 1.0000000E+00 2.0000000E-04
    585 1.7490000E+01 1.0002000E+00 2.0000000E-04
    586 1.7520000E+01 1.0000000E+00 3.0000000E-04
    587 1.7550000E+01 1.0000000E+00 2.0000000E-04
    588 1.7580000E+01 1.0001000E+00 2.0000000E-04
    589 1.7610000E+01 9.9990000E-01 2.0000000E-04
    590 1.7640000E+01 1.0001000E+00 2.0000000E-04
    591 1.7670000E+01 9.9990000E-01 3.0000000E-04
    592 1.7700000E+01 1.0000000E+00 2.0000000E-04
    593 1.7730000E+01 1.0000000E+00 2.0000000E-04
    594 1.7760000E+01 9.9980000E-01 3.0000000E-04
    595 1.7790000E+01 9.9980000E-01 1.0000000E-04
    596 1.7820000E+01 1.0000000E+00 2.0000000E-04
    597 1.7850000E+01 9.9990000E-01 2.0000000E-04
    598 1.7880000E+01 9.9990000E-01 1.0000000E-04
    599 1.7910000E+01 1.0000000E+00 2.0000000E-04
    600 1.7940000E+01 9.9990000E-01 2.0000000E-04
    601 1.7970000E+01 9.9970000E-01 2.0000000E-04
    602 1.8000000E+01 9.9980000E-01 2.0000000E-04
    603 1.8030000E+01 9.9990000E-01 2.0000000E-04
    604 1.8060000E+01 9.9980000E-01 2.0000000E-04
    605 1.8090000E+01 9.9960000E-01 1.0000000E-04
    606 1.8120000E+01 9.9980000E-01 2.0000000E-04
    607 1.8150000E+01 9.9980000E-01 1.0000000E-04
    608 1.8180000E+01 9.9970000E-01 1.0000000E-04
    609 1.8210000E+01 9.9970000E-01 1.0000000E-04
    610 1.8240000E+01 9.9970000E-01 1.0000000E-04
    611 1.8270000E+01 9.9990000E-01 1.0000000E-04
    612 1.8300000E+01 9.9960000E-01 1.0000000E-04
    613 1.8330000E+01 9.9970000E-01 2.0000000E-04
    614 1.8360000E+01 9.9970000E-01 1.0000000E-04
    615 1.8390000E+01 9.9980000E-01 2.0000000E-04
    616 1.8420000E+01 9.9990000E-01 1.0000000E-04
    617 1.8450000E+01 9.9980000E-01 2.0000000E-04
    618 1.8480000E+01 9.9970000E-01 2.0000000E-04
    619 1.8510000E+01 9.9970000E-01 1.0000000E-04
    620 1.8540000E+01 9.9990000E-01 1.0000000E-04
    621 1.8570000E+01 1.0001000E+00 2.0000000E-04
    622 1.8600000E+01 9.9990000E-01 1.0000000E-04
    623 1.8630000E+01 9.9990000E-01 2.0000000E-04
    624 1.8660000E+01 9.9980000E-01 1.0000000E-04
    625 1.8690000E+01 9.9990000E-01 2.0000000E-04
    626 1.8720000E+01 1.0000000E+00 2.0000000E-04
    627 1.8750000E+01 9.9990000E-01 1.0000000E-04
    628 1.8780000E+01 1.0000000E+00 1.0000000E-04
    629 1.8810000E+01 1.0001000E+00 1.0000000E-04
    630 1.8840000E+01 1.0000000E+00 1.0000000E-04
    631 1.8870000E+01 1.0000000E+00 1.0000000E-04
    632 1.8900000E+01 1.0000000E+00 2.0000000E-04
    633 1.8930000E+01 9.9990000E-01 2.0000000E-04
    634 1.8960000E+01 9.9980000E-01 2.0000000E-04
    635 1.8990000E+01 9.9990000E-01 3.0000000E-04
    636 1.9020000E+01 9.9960000E-01 1.0000000E-04
    637 1.9050000E+01 9.9980000E-01 2.0000000E-04
    638 1.9080000E+01 1.0000000E+00 1.0000000E-04
    639 1.9110000E+01 9.9980000E-01 1.0000000E-04
    640 1.9140000E+01 9.9980000E-01 1.0000000E-04
    641 1.9170000E+01 9.9970000E-01 2.0000000E-04
    642 1.9200000E+01 9.9990000E-01 1.0000000E-04
    643 1.9230000E+01 9.9990000E-01 1.0000000E-04
    644 1.9260000E+01 9.9980000E-01 3.0000000E-04
    645 1.9290000E+01 9.9990000E-01 1.0000000E-04
    646 1.9320000E+01 1.0000000E+00 1.0000000E-04
    647 1.9350000E+01 1.0001000E+00 2.0000000E-04
    648 1.9380000E+01 9.9980000E-01 1.0000000E-04
    649 1.9410000E+01 9.9990000E-01 2.0000000E-04
    650 1.9440000E+01 9.9990000E-01 1.0000000E-04
    651 1.9470000E+01 1.0000000E+00 1.0000000E-04
    652 1.9500000E+01 9.9980000E-01 2.0000000E-04
    653 1.9530000E+01 9.9990000E-01 3.0000000E-04
    654 1.9560000E+01 9.9990000E-01 2.0000000E-04
    655 1.9590000E+01 9.9980000E-01 2.0000000E-04
    656 1.9620000E+01 1.0000000E+00 3.0000000E-04
    657 1.9650000E+01 1.0001000E+00 2.0000000E-04
    658 1.9680000E+01 1.0000000E+00 3.0000000E-04
    659 1.9710000E+01 1.0000000E+00 3.0000000E-04
    660 1.9740000E+01 1.0000000E+00 3.0000000E-04
    661 1.9770000E+01 9.9980000E-01 3.0000000E-04
    662 1.9800000E+01 9.9980000E-01 3.0000000E-04
    663 1.9830000E+01 1.0000000E+00 2.0000000E-04
    664 1.9860000E+01 1.0000000E+00 2.0000000E-04
    665 1.9890000E+01 9.9990000E-01 4.0000000E-04
    666 1.9920000E+01 9.9990000E-01 2.0000000E-04
    667 1.9950000E+01 9.9990000E-01 2.0000000E-04
    668 1.9980000E+01 1.0000000E+00 3.0000000E-04
    669 2.0010000E+01 9.9980000E-01 1.0000000E-04
    670 2.0040000E+01 1.0000000E+00 2.0000000E-04
    671 2.0070000E+01 9.9990000E-01 2.0000000E-04
    672 2.0100000E+01 1.0000000E+00 3.0000000E-04
    673 2.0130000E+01 1.0001000E+00 2.0000000E-04
    674 2.0160000E+01 1.0000000E+00 2.0000000E-04
    675 2.0190000E+01 1.0001000E+00 1.0000000E-04
    676 2.0220000E+01 1.0000000E+00 2.0000000E-04
    677 2.0250000E+01 9.9990000E-01 2.0000000E-04
    678 2.0280000E+01 9.9990000E-01 1.0000000E-04
    679 2.0310000E+01 1.0001000E+00 2.0000000E-04
    680 2.0340000E+01 9.9990000E-01 1.0000000E-04
    681 2.0370000E+01 1.0000000E+00 1.0000000E-04
    682 2.0400000E+01 1.0001000E+00 2.0000000E-04
    683 2.0430000E+01 1.0001000E+00 2.0000000E-04
    684 2.0460000E+01 1.0001000E+00 2.0000000E-04
    685 2.0490000E+01 1.0001000E+00 2.0000000E-04
    686 2.0520000E+01 9.9990000E-01 2.0000000E-04
    687 2.0550000E+01 1.0000000E+00 1.0000000E-04
    688 2.0580000E+01 1.0001000E+00 3.0000000E-04
    689 2.0610000E+01 1.0000000E+00 2.0000000E-04
    690 2.0640000E+01 1.0000000E+00 1.0000000E-04
    691 2.0670000E+01 9.9980000E-01 1.0000000E-04
    692 2.0700000E+01 1.0000000E+00 2.0000000E-04
    693 2.0730000E+01 1.0000000E+00 2.0000000E-04
    694 2.0760000E+01 1.0000000E+00 1.0000000E-04
    695 2.0790000E+01 1.0000000E+00 1.0000000E-04
    696 2.0820000E+01 1.0000000E+00 1.0000000E-04
    697 2.0850000E+01 1.0000000E+00 1.0000000E-04
    698 2.0880000E+01 9.9990000E-01 3.0000000E-04
    699 2.0910000E+01 9.9990000E-01 3.0000000E-04
    700 2.0940000E+01 1.0000000E+00 2.0000000E-04
    701 2.0970000E+01 9.9970000E-01 3.0000000E-04
    702 2.1000000E+01 9.9980000E-01 2.0000000E-04
    703 2.1030000E+01 9.9980000E-01 2.0000000E-04
    704 2.1060000E+01 9.9980000E-01 4.0000000E-04
    705 2.1090000E+01 9.9990000E-01 3.0000000E-04
    706 2.1120000E+01 9.9990000E-01 1.0000000E-04
    707 2.1150000E+01 9.9990000E-01 3.0000000E-04
    708 2.1180000E+01 9.9960000E-01 1.0000000E-04
    709 2.1210000E+01 1.0000000E+00 1.0000000E-04
    710 2.1240000E+01 9.9990000E-01 2.0000000E-04
    711 2.1270000E+01 9.9990000E-01 4.0000000E-04
    712 2.1300000E+01 9.9990000E-01 2.0000000E-04
    713 2.1330000E+01 9.9970000E-01 1.0000000E-04
    714 2.1360000E+01 9.9980000E-01 2.0000000E-04
    715 2.1390000E+01 9.9990000E-01 2.0000000E-04
    716 2.1420000E+01 9.9980000E-01 1.0000000E-04
    717 2.1450000E+01 1.0000000E+00 2.0000000E-04
    718 2.1480000E+01 9.9980000E-01 2.0000000E-04
    719 2.1510000E+01 9.9980000E-01 3.0000000E-04
    720 2.1540000E+01 9.9950000E-01 2.0000000E-04
    721 2.1570000E+01 9.9990000E-01 1.0000000E-04
    722 2.1600000E+01 9.9970000E-01 2.0000000E-04
    723 2.1630000E+01 1.0000000E+00 3.0000000E-04
    724 2.1660000E+01 9.9980000E-01 3.0000000E-04
    725 2.1690000E+01 9.9990000E-01 2.0000000E-04
    726 2.1720000E+01 9.9990000E-01 2.0000000E-04
    727 2.1750000E+01 1.0000000E+00 3.0000000E-04
    728 2.1780000E+01 1.0002000E+00 3.0000000E-04
    729 2.1810000E+01 9.9990000E-01 2.0000000E-04
    730 2.1840000E+01 1.0001000E+00 3.0000000E-04
    731 2.1870000E+01 1.0001000E+00 3.0000000E-04
    732 2.1900000E+01 1.0002000E+00 3.0000000E-04
    733 2.1930000E+01 1.0002000E+00 4.0000000E-04
    734 2.1960000E+01 1.0003000E+00 2.0000000E-04
    735 2.1990000E+01 9.9990000E-01 3.0000000E-04
    736 2.2020000E+01 1.0000000E+00 2.0000000E-04
    737 2.2050000E+01 1.0002000E+00 2.0000000E-04
    738 2.2080000E+01 1.0001000E+00 3.0000000E-04
    739 2.2110000E+01 1.0000000E+00 3.0000000E-04
    740 2.2140000E+01 1.0002000E+00 2.0000000E-04
    741 2.2170000E+01 1.0001000E+00 3.0000000E-04
    742 2.2200000E+01 1.0002000E+00 3.0000000E-04
    743 2.2230000E+01 1.0000000E+00 2.0000000E-04
    744 2.2260000E+01 1.0000000E+00 2.0000000E-04
    745 2.2290000E+01 1.0001000E+00 2.0000000E-04
    746 2.2320000E+01 1.0002000E+00 4.0000000E-04
    747 2.2350000E+01 1.0001000E+00 3.0000000E-04
    748 2.2380000E+01 9.9990000E-01 3.0000000E-04
    749 2.2410000E+01 1.0001000E+00 2.0000000E-04
    750 2.2440000E+01 9.9990000E-01 3.0000000E-04
    751 2.2470000E+01 1.0001000E+00 3.0000000E-04
    752 2.2500000E+01 1.0000000E+00 2.0000000E-04
    753 2.2530000E+01 1.0000000E+00 4.0000000E-04
    754 2.2560000E+01 1.0000000E+00 3.0000000E-04
    755 2.2590000E+01 1.0001000E+00 5.0000000E-04
    756 2.2620000E+01 1.0001000E+00 4.0000000E-04
    757 2.2650000E+01 1.0000000E+00 4.0000000E-04
    758 2.2680000E+01 1.0002000E+00 5.0000000E-04
    759 2.2710000E+01 1.0001000E+00 3.0000000E-04
    760 2.2740000E+01 1.0003000E+00 4.0000000E-04
    761 2.2770000E+01 1.0000000E+00 6.0000000E-04
    762 2.2800000E+01 1.0001000E+00 5.0000000E-04
    763 2.2830000E+01 9.9990000E-01 4.0000000E-04
    764 2.2860000E+01 1.0000000E+00 1.0000000E-04
    765 2.2890000E+01 1.0000000E+00 4.0000000E-04
    766 2.2920000E+01 9.9960000E-01 4.0000000E-04
    767 2.2950000E+01 1.0001000E+00 5.0000000E-04
    768 2.2980000E+01 9.9960000E-01 3.0000000E-04
    769 2.3010000E+01 9.9960000E-01 2.0000000E-04
    770 2.3040000E+01 9.9970000E-01 2.0000000E-04
    771 2.3070000E+01 9.9940000E-01 4.0000000E-04
    772 2.3100000E+01 9.9970000E-01 4.0000000E-04
    773 2.3130000E+01 1.0000000E+00 5.0000000E-04
    774 2.3160000E+01 1.0003000E+00 4.0000000E-04
    775 2.3190000E+01 9.9990000E-01 2.0000000E-04
    776 2.3220000E+01 9.9970000E-01 4.0000000E-04
    777 2.3250000E+01 9.9980000E-01 5.0000000E-04
    778 2.3280000E+01 9.9950000E-01 4.0000000E-04
    779 2.3310000E+01 9.9990000E-01 5.0000000E-04
    780 2.3340000E+01 9.9950000E-01 2.0000000E-04
    781 2.3370000E+01 9.9990000E-01 3.0000000E-04
    782 2.3400000E+01 9.9950000E-01 4.0000000E-04
    783 2.3430000E+01 9.9970000E-01 3.0000000E-04
    784 2.3460000E+01 9.9940000E-01 4.0000000E-04
    785 2.3490000E+01 9.9990000E-01 2.0000000E-04
    786 2.3520000E+01 9.9980000E-01 3.0000000E-04
    787 2.3550000E+01 1.0002000E+00 3.0000000E-04
    788 2.3580000E+01 9.9970000E-01 3.0000000E-04
    789 2.3610000E+01 1.0001000E+00 2.0000000E-04
    790 2.3640000E+01 1.0003000E+00 4.0000000E-04
    791 2.3670000E+01 1.0001000E+00 4.0000000E-04
    792 2.3700000E+01 9.9970000E-01 5.0000000E-04
    793 2.3730000E+01 9.9970000E-01 4.0000000E-04
    794 2.3760000E+01 1.0000000E+00 4.0000000E-04
    795 2.3790000E+01 1.0003000E+00 2.0000000E-04
    796 2.3820000E+01 1.0002000E+00 3.0000000E-04
    797 2.3850000E+01 9.9980000E-01 5.0000000E-04
    798 2.3880000E+01 9.9990000E-01 1.0000000E-04
    799 2.3910000E+01 1.0001000E+00 2.0000000E-04
    800 2.3940000E+01 1.0003000E+00 5.0000000E-04
    801 2.3970000E+01 1.0002000E+00 5.0000000E-04
    802 2.4000000E+01 1.0000000E+00 6.0000000E-04
    803 2.4030000E+01 1.0002000E+00 5.0000000E-04
    804 2.4060000E+01 1.0000000E+00 3.0000000E-04
    805 2.4090000E+01 1.0000000E+00 3.0000000E-04
    806 2.4120000E+01 1.0007000E+00 6.0000000E-04
    807 2.4150000E+01 1.0002000E+00 7.0000000E-04
    808 2.4180000E+01 1.0001000E+00 5.0000000E-04
    809 2.4210000E+01 1.0003000E+00 6.0000000E-04
    810 2.4240000E+01 1.0000000E+00 4.0000000E-04
    811 2.4270000E+01 1.0006000E+00 4.0000000E-04
    812 2.4300000E+01 1.0005000E+00 4.0000000E-04
    813 2.4330000E+01 1.0000000E+00 6.0000000E-04
    814 2.4360000E+01 1.0000000E+00 3.0000000E-04
    815 2.4390000E+01 1.0003000E+00 5.0000000E-04
    816 2.4420000E+01 1.0000000E+00 5.0000000E-04
    817 2.4450000E+01 1.0002000E+00 3.0000000E-04
    818 2.4480000E+01 1.0000000E+00 6.0000000E-04
    819 2.4510000E+01 1.0000000E+00 9.0000000E-04
    820 2.4540000E+01 1.0007000E+00 5.0000000E-04
    821 2.4570000E+01 1.0006000E+00 6.0000000E-04
    822 2.4600000E+01 1.0001000E+00 8.0000000E-04
    823 2.4630000E+01 9.9960000E-01 8.0000000E-04
    824 2.4660000E+01 1.0009000E+00 1.4000000E-03
    825 2.4690000E+01 1.0007000E+00 4.0000000E-04
    826 2.4720000E+01 1.0008000E+00 5.0000000E-04
    827 2.4750000E+01 1.0003000E+00 1.3000000E-03
    828 2.4780000E+01 1.0009000E+00 1.1000000E-03
    829 2.4810000E+01 1.0000000E+00 1.1000000E-03
    830 2.4840000E+01 1.0008000E+00 1.2000000E-03
    831 2.4870000E+01 1.0005000E+00 1.1000000E-03
    832 2.4900000E+01 1.0004000E+00 1.3000000E-03
    833 2.4930000E+01 1.0002000E+00 1.0000000E-03
    834 2.4960000E+01 1.0005000E+00 1.7000000E-03
    835 2.4990000E+01 1.0012000E+00 1.3000000E-03
