Skinner & Benmore, J. Chem. Phys. 141, 214507 (2014); APS high-energy X-ray
T=295.1K (nearest to ambient), quality b g_OO(r)

 Bin no.        r             g(r)        std.
      1 0.0000000E+00 0.0000000E+00 0.0000000E+00
      2 1.0000000E-02 0.0000000E+00 0.0000000E+00
      3 2.0000000E-02 0.0000000E+00 0.0000000E+00
      4 3.0000000E-02 0.0000000E+00 0.0000000E+00
      5 4.0000000E-02 0.0000000E+00 0.0000000E+00
      6 5.0000000E-02 0.0000000E+00 0.0000000E+00
      7 6.0000000E-02 0.0000000E+00 0.0000000E+00
      8 7.0000000E-02 0.0000000E+00 0.0000000E+00
      9 8.0000000E-02 0.0000000E+00 0.0000000E+00
     10 9.0000000E-02 0.0000000E+00 0.0000000E+00
     11 1.0000000E-01 0.0000000E+00 0.0000000E+00
     12 1.1000000E-01 0.0000000E+00 0.0000000E+00
     13 1.2000000E-01 0.0000000E+00 0.0000000E+00
     14 1.3000000E-01 0.0000000E+00 0.0000000E+00
     15 1.4000000E-01 0.0000000E+00 0.0000000E+00
     16 1.5000000E-01 0.0000000E+00 0.0000000E+00
     17 1.6000000E-01 0.0000000E+00 0.0000000E+00
     18 1.7000000E-01 0.0000000E+00 0.0000000E+00
     19 1.8000000E-01 0.0000000E+00 0.0000000E+00
     20 1.9000000E-01 0.0000000E+00 0.0000000E+00
     21 2.0000000E-01 0.0000000E+00 0.0000000E+00
     22 2.1000000E-01 0.0000000E+00 0.0000000E+00
     23 2.2000000E-01 0.0000000E+00 0.0000000E+00
     24 2.3000000E-01 0.0000000E+00 0.0000000E+00
     25 2.4000000E-01 0.0000000E+00 0.0000000E+00
     26 2.5000000E-01 0.0000000E+00 0.0000000E+00
     27 2.6000000E-01 0.0000000E+00 0.0000000E+00
     28 2.7000000E-01 0.0000000E+00 0.0000000E+00
     29 2.8000000E-01 0.0000000E+00 0.0000000E+00
     30 2.9000000E-01 0.0000000E+00 0.0000000E+00
     31 3.0000000E-01 0.0000000E+00 0.0000000E+00
     32 3.1000000E-01 0.0000000E+00 0.0000000E+00
     33 3.2000000E-01 0.0000000E+00 0.0000000E+00
     34 3.3000000E-01 0.0000000E+00 0.0000000E+00
     35 3.4000000E-01 0.0000000E+00 0.0000000E+00
     36 3.5000000E-01 0.0000000E+00 0.0000000E+00
     37 3.6000000E-01 0.0000000E+00 0.0000000E+00
     38 3.7000000E-01 0.0000000E+00 0.0000000E+00
     39 3.8000000E-01 0.0000000E+00 0.0000000E+00
     40 3.9000000E-01 0.0000000E+00 0.0000000E+00
     41 4.0000000E-01 0.0000000E+00 0.0000000E+00
     42 4.1000000E-01 0.0000000E+00 0.0000000E+00
     43 4.2000000E-01 0.0000000E+00 0.0000000E+00
     44 4.3000000E-01 0.0000000E+00 0.0000000E+00
     45 4.4000000E-01 0.0000000E+00 0.0000000E+00
     46 4.5000000E-01 0.0000000E+00 0.0000000E+00
     47 4.6000000E-01 0.0000000E+00 0.0000000E+00
     48 4.7000000E-01 0.0000000E+00 0.0000000E+00
     49 4.8000000E-01 0.0000000E+00 0.0000000E+00
     50 4.9000000E-01 0.0000000E+00 0.0000000E+00
     51 5.0000000E-01 0.0000000E+00 0.0000000E+00
     52 5.1000000E-01 0.0000000E+00 0.0000000E+00
     53 5.2000000E-01 0.0000000E+00 0.0000000E+00
     54 5.3000000E-01 0.0000000E+00 0.0000000E+00
     55 5.4000000E-01 0.0000000E+00 0.0000000E+00
     56 5.5000000E-01 0.0000000E+00 0.0000000E+00
     57 5.6000000E-01 0.0000000E+00 0.0000000E+00
     58 5.7000000E-01 0.0000000E+00 0.0000000E+00
     59 5.8000000E-01 0.0000000E+00 0.0000000E+00
     60 5.9000000E-01 0.0000000E+00 0.0000000E+00
     61 6.0000000E-01 0.0000000E+00 0.0000000E+00
     62 6.1000000E-01 0.0000000E+00 0.0000000E+00
     63 6.2000000E-01 0.0000000E+00 0.0000000E+00
     64 6.3000000E-01 0.0000000E+00 0.0000000E+00
     65 6.4000000E-01 0.0000000E+00 0.0000000E+00
     66 6.5000000E-01 0.0000000E+00 0.0000000E+00
     67 6.6000000E-01 0.0000000E+00 0.0000000E+00
     68 6.7000000E-01 0.0000000E+00 0.0000000E+00
     69 6.8000000E-01 0.0000000E+00 0.0000000E+00
     70 6.9000000E-01 0.0000000E+00 0.0000000E+00
     71 7.0000000E-01 0.0000000E+00 0.0000000E+00
     72 7.1000000E-01 0.0000000E+00 0.0000000E+00
     73 7.2000000E-01 0.0000000E+00 0.0000000E+00
     74 7.3000000E-01 0.0000000E+00 0.0000000E+00
     75 7.4000000E-01 0.0000000E+00 0.0000000E+00
     76 7.5000000E-01 0.0000000E+00 0.0000000E+00
     77 7.6000000E-01 0.0000000E+00 0.0000000E+00
     78 7.7000000E-01 0.0000000E+00 0.0000000E+00
     79 7.8000000E-01 0.0000000E+00 0.0000000E+00
     80 7.9000000E-01 0.0000000E+00 0.0000000E+00
     81 8.0000000E-01 0.0000000E+00 0.0000000E+00
     82 8.1000000E-01 0.0000000E+00 0.0000000E+00
     83 8.2000000E-01 0.0000000E+00 0.0000000E+00
     84 8.3000000E-01 0.0000000E+00 0.0000000E+00
     85 8.4000000E-01 0.0000000E+00 0.0000000E+00
     86 8.5000000E-01 0.0000000E+00 0.0000000E+00
     87 8.6000000E-01 0.0000000E+00 0.0000000E+00
     88 8.7000000E-01 0.0000000E+00 0.0000000E+00
     89 8.8000000E-01 0.0000000E+00 0.0000000E+00
     90 8.9000000E-01 0.0000000E+00 0.0000000E+00
     91 9.0000000E-01 0.0000000E+00 0.0000000E+00
     92 9.1000000E-01 0.0000000E+00 0.0000000E+00
     93 9.2000000E-01 0.0000000E+00 0.0000000E+00
     94 9.3000000E-01 0.0000000E+00 0.0000000E+00
     95 9.4000000E-01 0.0000000E+00 0.0000000E+00
     96 9.5000000E-01 0.0000000E+00 0.0000000E+00
     97 9.6000000E-01 0.0000000E+00 0.0000000E+00
     98 9.7000000E-01 0.0000000E+00 0.0000000E+00
     99 9.8000000E-01 0.0000000E+00 0.0000000E+00
    100 9.9000000E-01 0.0000000E+00 0.0000000E+00
    101 1.0000000E+00 0.0000000E+00 0.0000000E+00
    102 1.0100000E+00 0.0000000E+00 0.0000000E+00
    103 1.0200000E+00 0.0000000E+00 0.0000000E+00
    104 1.0300000E+00 0.0000000E+00 0.0000000E+00
    105 1.0400000E+00 0.0000000E+00 0.0000000E+00
    106 1.0500000E+00 0.0000000E+00 0.0000000E+00
    107 1.0600000E+00 0.0000000E+00 0.0000000E+00
    108 1.0700000E+00 0.0000000E+00 0.0000000E+00
    109 1.0800000E+00 0.0000000E+00 0.0000000E+00
    110 1.0900000E+00 0.0000000E+00 0.0000000E+00
    111 1.1000000E+00 0.0000000E+00 0.0000000E+00
    112 1.1100000E+00 0.0000000E+00 0.0000000E+00
    113 1.1200000E+00 0.0000000E+00 0.0000000E+00
    114 1.1300000E+00 0.0000000E+00 0.0000000E+00
    115 1.1400000E+00 0.0000000E+00 0.0000000E+00
    116 1.1500000E+00 0.0000000E+00 0.0000000E+00
    117 1.1600000E+00 0.0000000E+00 0.0000000E+00
    118 1.1700000E+00 0.0000000E+00 0.0000000E+00
    119 1.1800000E+00 0.0000000E+00 0.0000000E+00
    120 1.1900000E+00 0.0000000E+00 0.0000000E+00
    121 1.2000000E+00 0.0000000E+00 0.0000000E+00
    122 1.2100000E+00 0.0000000E+00 0.0000000E+00
    123 1.2200000E+00 0.0000000E+00 0.0000000E+00
    124 1.2300000E+00 0.0000000E+00 0.0000000E+00
    125 1.2400000E+00 0.0000000E+00 0.0000000E+00
    126 1.2500000E+00 0.0000000E+00 0.0000000E+00
    127 1.2600000E+00 0.0000000E+00 0.0000000E+00
    128 1.2700000E+00 0.0000000E+00 0.0000000E+00
    129 1.2800000E+00 0.0000000E+00 0.0000000E+00
    130 1.2900000E+00 0.0000000E+00 0.0000000E+00
    131 1.3000000E+00 0.0000000E+00 0.0000000E+00
    132 1.3100000E+00 0.0000000E+00 0.0000000E+00
    133 1.3200000E+00 0.0000000E+00 0.0000000E+00
    134 1.3300000E+00 0.0000000E+00 0.0000000E+00
    135 1.3400000E+00 0.0000000E+00 0.0000000E+00
    136 1.3500000E+00 0.0000000E+00 0.0000000E+00
    137 1.3600000E+00 0.0000000E+00 0.0000000E+00
    138 1.3700000E+00 0.0000000E+00 0.0000000E+00
    139 1.3800000E+00 0.0000000E+00 0.0000000E+00
    140 1.3900000E+00 0.0000000E+00 0.0000000E+00
    141 1.4000000E+00 0.0000000E+00 0.0000000E+00
    142 1.4100000E+00 0.0000000E+00 0.0000000E+00
    143 1.4200000E+00 0.0000000E+00 0.0000000E+00
    144 1.4300000E+00 0.0000000E+00 0.0000000E+00
    145 1.4400000E+00 0.0000000E+00 0.0000000E+00
    146 1.4500000E+00 0.0000000E+00 0.0000000E+00
    147 1.4600000E+00 0.0000000E+00 0.0000000E+00
    148 1.4700000E+00 0.0000000E+00 0.0000000E+00
    149 1.4800000E+00 0.0000000E+00 0.0000000E+00
    150 1.4900000E+00 0.0000000E+00 0.0000000E+00
    151 1.5000000E+00 0.0000000E+00 0.0000000E+00
    152 1.5100000E+00 0.0000000E+00 0.0000000E+00
    153 1.5200000E+00 0.0000000E+00 0.0000000E+00
    154 1.5300000E+00 0.0000000E+00 0.0000000E+00
    155 1.5400000E+00 0.0000000E+00 0.0000000E+00
    156 1.5500000E+00 0.0000000E+00 0.0000000E+00
    157 1.5600000E+00 0.0000000E+00 0.0000000E+00
    158 1.5700000E+00 0.0000000E+00 0.0000000E+00
    159 1.5800000E+00 0.0000000E+00 0.0000000E+00
    160 1.5900000E+00 0.0000000E+00 0.0000000E+00
    161 1.6000000E+00 0.0000000E+00 0.0000000E+00
    162 1.6100000E+00 0.0000000E+00 0.0000000E+00
    163 1.6200000E+00 0.0000000E+00 0.0000000E+00
    164 1.6300000E+00 0.0000000E+00 0.0000000E+00
    165 1.6400000E+00 0.0000000E+00 0.0000000E+00
    166 1.6500000E+00 0.0000000E+00 0.0000000E+00
    167 1.6600000E+00 0.0000000E+00 0.0000000E+00
    168 1.6700000E+00 0.0000000E+00 0.0000000E+00
    169 1.6800000E+00 0.0000000E+00 0.0000000E+00
    170 1.6900000E+00 0.0000000E+00 0.0000000E+00
    171 1.7000000E+00 0.0000000E+00 0.0000000E+00
    172 1.7100000E+00 0.0000000E+00 0.0000000E+00
    173 1.7200000E+00 0.0000000E+00 0.0000000E+00
    174 1.7300000E+00 0.0000000E+00 0.0000000E+00
    175 1.7400000E+00 0.0000000E+00 0.0000000E+00
    176 1.7500000E+00 0.0000000E+00 0.0000000E+00
    177 1.7600000E+00 0.0000000E+00 0.0000000E+00
    178 1.7700000E+00 0.0000000E+00 0.0000000E+00
    179 1.7800000E+00 0.0000000E+00 0.0000000E+00
    180 1.7900000E+00 0.0000000E+00 0.0000000E+00
    181 1.8000000E+00 0.0000000E+00 0.0000000E+00
    182 1.8100000E+00 0.0000000E+00 0.0000000E+00
    183 1.8200000E+00 0.0000000E+00 0.0000000E+00
    184 1.8300000E+00 0.0000000E+00 0.0000000E+00
    185 1.8400000E+00 0.0000000E+00 0.0000000E+00
    186 1.8500000E+00 0.0000000E+00 0.0000000E+00
    187 1.8600000E+00 0.0000000E+00 0.0000000E+00
    188 1.8700000E+00 0.0000000E+00 0.0000000E+00
    189 1.8800000E+00 0.0000000E+00 0.0000000E+00
    190 1.8900000E+00 0.0000000E+00 0.0000000E+00
    191 1.9000000E+00 0.0000000E+00 0.0000000E+00
    192 1.9100000E+00 0.0000000E+00 0.0000000E+00
    193 1.9200000E+00 0.0000000E+00 0.0000000E+00
    194 1.9300000E+00 0.0000000E+00 0.0000000E+00
    195 1.9400000E+00 0.0000000E+00 0.0000000E+00
    196 1.9500000E+00 0.0000000E+00 0.0000000E+00
    197 1.9600000E+00 0.0000000E+00 0.0000000E+00
    198 1.9700000E+00 0.0000000E+00 0.0000000E+00
    199 1.9800000E+00 0.0000000E+00 0.0000000E+00
    200 1.9900000E+00 0.0000000E+00 0.0000000E+00
    201 2.0000000E+00 0.0000000E+00 0.0000000E+00
    202 2.0100000E+00 0.0000000E+00 0.0000000E+00
    203 2.0200000E+00 0.0000000E+00 0.0000000E+00
    204 2.0300000E+00 0.0000000E+00 0.0000000E+00
    205 2.0400000E+00 0.0000000E+00 0.0000000E+00
    206 2.0500000E+00 0.0000000E+00 0.0000000E+00
    207 2.0600000E+00 0.0000000E+00 0.0000000E+00
    208 2.0700000E+00 0.0000000E+00 0.0000000E+00
    209 2.0800000E+00 0.0000000E+00 0.0000000E+00
    210 2.0900000E+00 0.0000000E+00 0.0000000E+00
    211 2.1000000E+00 0.0000000E+00 0.0000000E+00
    212 2.1100000E+00 0.0000000E+00 0.0000000E+00
    213 2.1200000E+00 0.0000000E+00 0.0000000E+00
    214 2.1300000E+00 0.0000000E+00 0.0000000E+00
    215 2.1400000E+00 0.0000000E+00 0.0000000E+00
    216 2.1500000E+00 0.0000000E+00 0.0000000E+00
    217 2.1600000E+00 0.0000000E+00 0.0000000E+00
    218 2.1700000E+00 0.0000000E+00 0.0000000E+00
    219 2.1800000E+00 0.0000000E+00 0.0000000E+00
    220 2.1900000E+00 0.0000000E+00 0.0000000E+00
    221 2.2000000E+00 0.0000000E+00 0.0000000E+00
    222 2.2100000E+00 0.0000000E+00 0.0000000E+00
    223 2.2200000E+00 0.0000000E+00 0.0000000E+00
    224 2.2300000E+00 0.0000000E+00 0.0000000E+00
    225 2.2400000E+00 0.0000000E+00 0.0000000E+00
    226 2.2500000E+00 0.0000000E+00 0.0000000E+00
    227 2.2600000E+00 0.0000000E+00 0.0000000E+00
    228 2.2700000E+00 0.0000000E+00 0.0000000E+00
    229 2.2800000E+00 0.0000000E+00 0.0000000E+00
    230 2.2900000E+00 0.0000000E+00 0.0000000E+00
    231 2.3000000E+00 0.0000000E+00 0.0000000E+00
    232 2.3100000E+00 1.1400000E-04 1.8100000E-04
    233 2.3200000E+00 4.6400000E-04 7.2100000E-04
    234 2.3300000E+00 1.0510000E-03 1.6040000E-03
    235 2.3400000E+00 1.8700000E-03 2.8070000E-03
    236 2.3500000E+00 2.9220000E-03 4.2970000E-03
    237 2.3600000E+00 4.2390000E-03 6.0380000E-03
    238 2.3700000E+00 5.9040000E-03 7.9890000E-03
    239 2.3800000E+00 8.0790000E-03 1.0108000E-02
    240 2.3900000E+00 1.1024000E-02 1.2353000E-02
    241 2.4000000E+00 1.5113000E-02 1.4681000E-02
    242 2.4100000E+00 2.0836000E-02 1.7051000E-02
    243 2.4200000E+00 2.8785000E-02 1.9420000E-02
    244 2.4300000E+00 3.9629000E-02 2.1740000E-02
    245 2.4400000E+00 5.4061000E-02 2.3961000E-02
    246 2.4500000E+00 7.2737000E-02 2.6025000E-02
    247 2.4600000E+00 9.6197000E-02 2.7872000E-02
    248 2.4700000E+00 1.2478400E-01 2.9438000E-02
    249 2.4800000E+00 1.5855400E-01 3.0663000E-02
    250 2.4900000E+00 1.9720400E-01 3.1493000E-02
    251 2.5000000E+00 2.4001700E-01 3.1888000E-02
    252 2.5100000E+00 2.8759900E-01 3.2018000E-02
    253 2.5200000E+00 3.4139100E-01 3.2073000E-02
    254 2.5300000E+00 4.0152500E-01 3.2053000E-02
    255 2.5400000E+00 4.6804000E-01 3.1962000E-02
    256 2.5500000E+00 5.4087000E-01 3.1812000E-02
    257 2.5600000E+00 6.1984300E-01 3.1618000E-02
    258 2.5700000E+00 7.0467800E-01 3.1400000E-02
    259 2.5800000E+00 7.9498200E-01 3.1176000E-02
    260 2.5900000E+00 8.9025400E-01 3.0965000E-02
    261 2.6000000E+00 9.8989200E-01 3.0781000E-02
    262 2.6100000E+00 1.0931960E+00 3.0633000E-02
    263 2.6200000E+00 1.1993810E+00 3.0522000E-02
    264 2.6300000E+00 1.3075860E+00 3.0440000E-02
    265 2.6400000E+00 1.4168900E+00 3.0373000E-02
    266 2.6500000E+00 1.5263270E+00 3.0300000E-02
    267 2.6600000E+00 1.6348960E+00 3.0197000E-02
    268 2.6700000E+00 1.7415880E+00 3.0038000E-02
    269 2.6800000E+00 1.8453920E+00 2.9799000E-02
    270 2.6900000E+00 1.9453210E+00 2.9457000E-02
    271 2.7000000E+00 2.0404240E+00 2.8999000E-02
    272 2.7100000E+00 2.1298000E+00 2.8416000E-02
    273 2.7200000E+00 2.2126190E+00 2.7709000E-02
    274 2.7300000E+00 2.2881280E+00 2.6885000E-02
    275 2.7400000E+00 2.3556700E+00 2.5964000E-02
    276 2.7500000E+00 2.4146870E+00 2.4973000E-02
    277 2.7600000E+00 2.4647340E+00 2.3947000E-02
    278 2.7700000E+00 2.5054810E+00 2.2928000E-02
    279 2.7800000E+00 2.5367180E+00 2.1962000E-02
    280 2.7900000E+00 2.5583570E+00 2.1097000E-02
    281 2.8000000E+00 2.5704300E+00 2.0374000E-02
    282 2.8100000E+00 2.5730890E+00 1.9826000E-02
    283 2.8200000E+00 2.5665980E+00 1.9469000E-02
    284 2.8300000E+00 2.5513290E+00 1.9299000E-02
    285 2.8400000E+00 2.5277520E+00 1.9297000E-02
    286 2.8500000E+00 2.4964250E+00 1.9425000E-02
    287 2.8600000E+00 2.4579850E+00 1.9641000E-02
    288 2.8700000E+00 2.4131310E+00 1.9898000E-02
    289 2.8800000E+00 2.3626170E+00 2.0156000E-02
    290 2.8900000E+00 2.3072320E+00 2.0381000E-02
    291 2.9000000E+00 2.2477900E+00 2.0549000E-02
    292 2.9100000E+00 2.1851120E+00 2.0648000E-02
    293 2.9200000E+00 2.1200170E+00 2.0676000E-02
    294 2.9300000E+00 2.0533030E+00 2.0638000E-02
    295 2.9400000E+00 1.9857390E+00 2.0550000E-02
    296 2.9500000E+00 1.9180500E+00 2.0431000E-02
    297 2.9600000E+00 1.8509080E+00 2.0305000E-02
    298 2.9700000E+00 1.7849230E+00 2.0195000E-02
    299 2.9800000E+00 1.7206390E+00 2.0122000E-02
    300 2.9900000E+00 1.6585230E+00 2.0100000E-02
    301 3.0000000E+00 1.5989650E+00 2.0136000E-02
    302 3.0100000E+00 1.5422760E+00 2.0229000E-02
    303 3.0200000E+00 1.4886880E+00 2.0369000E-02
    304 3.0300000E+00 1.4383570E+00 2.0539000E-02
    305 3.0400000E+00 1.3913670E+00 2.0720000E-02
    306 3.0500000E+00 1.3477330E+00 2.0888000E-02
    307 3.0600000E+00 1.3074090E+00 2.1025000E-02
    308 3.0700000E+00 1.2702970E+00 2.1112000E-02
    309 3.0800000E+00 1.2362530E+00 2.1137000E-02
    310 3.0900000E+00 1.2050980E+00 2.1094000E-02
    311 3.1000000E+00 1.1766240E+00 2.0979000E-02
    312 3.1100000E+00 1.1506080E+00 2.0800000E-02
    313 3.1200000E+00 1.1268140E+00 2.0563000E-02
    314 3.1300000E+00 1.1050070E+00 2.0284000E-02
    315 3.1400000E+00 1.0849580E+00 1.9977000E-02
    316 3.1500000E+00 1.0664460E+00 1.9660000E-02
    317 3.1600000E+00 1.0492700E+00 1.9347000E-02
    318 3.1700000E+00 1.0332480E+00 1.9054000E-02
    319 3.1800000E+00 1.0182230E+00 1.8789000E-02
    320 3.1900000E+00 1.0040610E+00 1.8558000E-02
    321 3.2000000E+00 9.9065300E-01 1.8361000E-02
    322 3.2100000E+00 9.7791600E-01 1.8194000E-02
    323 3.2200000E+00 9.6578800E-01 1.8050000E-02
    324 3.2300000E+00 9.5422900E-01 1.7919000E-02
    325 3.2400000E+00 9.4321600E-01 1.7790000E-02
    326 3.2500000E+00 9.3274200E-01 1.7654000E-02
    327 3.2600000E+00 9.2281100E-01 1.7501000E-02
    328 3.2700000E+00 9.1343500E-01 1.7328000E-02
    329 3.2800000E+00 9.0463000E-01 1.7130000E-02
    330 3.2900000E+00 8.9641500E-01 1.6909000E-02
    331 3.3000000E+00 8.8881000E-01 1.6667000E-02
    332 3.3100000E+00 8.8182700E-01 1.6408000E-02
    333 3.3200000E+00 8.7547900E-01 1.6139000E-02
    334 3.3300000E+00 8.6977000E-01 1.5867000E-02
    335 3.3400000E+00 8.6469700E-01 1.5600000E-02
    336 3.3500000E+00 8.6025100E-01 1.5342000E-02
    337 3.3600000E+00 8.5641600E-01 1.5100000E-02
    338 3.3700000E+00 8.5317100E-01 1.4875000E-02
    339 3.3800000E+00 8.5048600E-01 1.4669000E-02
    340 3.3900000E+00 8.4832900E-01 1.4481000E-02
    341 3.4000000E+00 8.4666400E-01 1.4309000E-02
    342 3.4100000E+00 8.4545300E-01 1.4148000E-02
    343 3.4200000E+00 8.4465600E-01 1.3996000E-02
    344 3.4300000E+00 8.4423400E-01 1.3846000E-02
    345 3.4400000E+00 8.4414800E-01 1.3697000E-02
    346 3.4500000E+00 8.4436200E-01 1.3543000E-02
    347 3.4600000E+00 8.4484300E-01 1.3383000E-02
    348 3.4700000E+00 8.4556100E-01 1.3216000E-02
    349 3.4800000E+00 8.4648800E-01 1.3042000E-02
    350 3.4900000E+00 8.4760300E-01 1.2861000E-02
    351 3.5000000E+00 8.4888600E-01 1.2677000E-02
    352 3.5100000E+00 8.5032300E-01 1.2490000E-02
    353 3.5200000E+00 8.5190000E-01 1.2305000E-02
    354 3.5300000E+00 8.5360900E-01 1.2124000E-02
    355 3.5400000E+00 8.5544400E-01 1.1951000E-02
    356 3.5500000E+00 8.5740100E-01 1.1788000E-02
    357 3.5600000E+00 8.5947500E-01 1.1636000E-02
    358 3.5700000E+00 8.6166500E-01 1.1498000E-02
    359 3.5800000E+00 8.6397000E-01 1.1374000E-02
    360 3.5900000E+00 8.6638800E-01 1.1263000E-02
    361 3.6000000E+00 8.6891700E-01 1.1165000E-02
    362 3.6100000E+00 8.7155400E-01 1.1079000E-02
    363 3.6200000E+00 8.7429700E-01 1.1002000E-02
    364 3.6300000E+00 8.7714100E-01 1.0932000E-02
    365 3.6400000E+00 8.8008200E-01 1.0868000E-02
    366 3.6500000E+00 8.8311200E-01 1.0807000E-02
    367 3.6600000E+00 8.8622600E-01 1.0748000E-02
    368 3.6700000E+00 8.8941600E-01 1.0690000E-02
    369 3.6800000E+00 8.9267300E-01 1.0631000E-02
    370 3.6900000E+00 8.9599100E-01 1.0572000E-02
    371 3.7000000E+00 8.9935900E-01 1.0512000E-02
    372 3.7100000E+00 9.0277100E-01 1.0452000E-02
    373 3.7200000E+00 9.0621700E-01 1.0392000E-02
    374 3.7300000E+00 9.0969200E-01 1.0334000E-02
    375 3.7400000E+00 9.1318800E-01 1.0279000E-02
    376 3.7500000E+00 9.1669900E-01 1.0228000E-02
    377 3.7600000E+00 9.2022200E-01 1.0181000E-02
    378 3.7700000E+00 9.2375100E-01 1.0140000E-02
    379 3.7800000E+00 9.2728600E-01 1.0105000E-02
    380 3.7900000E+00 9.3082300E-01 1.0075000E-02
    381 3.8000000E+00 9.3436100E-01 1.0051000E-02
    382 3.8100000E+00 9.3790200E-01 1.0031000E-02
    383 3.8200000E+00 9.4144500E-01 1.0015000E-02
    384 3.8300000E+00 9.4499200E-01 1.0001000E-02
    385 3.8400000E+00 9.4854300E-01 9.9870000E-03
    386 3.8500000E+00 9.5210200E-01 9.9720000E-03
    387 3.8600000E+00 9.5566800E-01 9.9550000E-03
    388 3.8700000E+00 9.5924400E-01 9.9350000E-03
    389 3.8800000E+00 9.6283100E-01 9.9090000E-03
    390 3.8900000E+00 9.6643000E-01 9.8780000E-03
    391 3.9000000E+00 9.7004000E-01 9.8410000E-03
    392 3.9100000E+00 9.7366100E-01 9.7990000E-03
    393 3.9200000E+00 9.7729300E-01 9.7500000E-03
    394 3.9300000E+00 9.8093200E-01 9.6970000E-03
    395 3.9400000E+00 9.8457600E-01 9.6390000E-03
    396 3.9500000E+00 9.8822200E-01 9.5780000E-03
    397 3.9600000E+00 9.9186500E-01 9.5140000E-03
    398 3.9700000E+00 9.9550300E-01 9.4500000E-03
    399 3.9800000E+00 9.9912800E-01 9.3850000E-03
    400 3.9900000E+00 1.0027370E+00 9.3200000E-03
    401 4.0000000E+00 1.0063240E+00 9.2550000E-03
    402 4.0100000E+00 1.0098830E+00 9.1920000E-03
    403 4.0200000E+00 1.0134090E+00 9.1290000E-03
    404 4.0300000E+00 1.0168980E+00 9.0670000E-03
    405 4.0400000E+00 1.0203440E+00 9.0050000E-03
    406 4.0500000E+00 1.0237420E+00 8.9420000E-03
    407 4.0600000E+00 1.0270910E+00 8.8790000E-03
    408 4.0700000E+00 1.0303850E+00 8.8140000E-03
    409 4.0800000E+00 1.0336230E+00 8.7480000E-03
    410 4.0900000E+00 1.0368030E+00 8.6810000E-03
    411 4.1000000E+00 1.0399230E+00 8.6130000E-03
    412 4.1100000E+00 1.0429840E+00 8.5440000E-03
    413 4.1200000E+00 1.0459840E+00 8.4750000E-03
    414 4.1300000E+00 1.0489260E+00 8.4070000E-03
    415 4.1400000E+00 1.0518090E+00 8.3420000E-03
    416 4.1500000E+00 1.0546350E+00 8.2780000E-03
    417 4.1600000E+00 1.0574060E+00 8.2180000E-03
    418 4.1700000E+00 1.0601230E+00 8.1620000E-03
    419 4.1800000E+00 1.0627880E+00 8.1090000E-03
    420 4.1900000E+00 1.0654020E+00 8.0600000E-03
    421 4.2000000E+00 1.0679670E+00 8.0140000E-03
    422 4.2100000E+00 1.0704840E+00 7.9700000E-03
    423 4.2200000E+00 1.0729530E+00 7.9280000E-03
    424 4.2300000E+00 1.0753750E+00 7.8850000E-03
    425 4.2400000E+00 1.0777490E+00 7.8420000E-03
    426 4.2500000E+00 1.0800730E+00 7.7960000E-03
    427 4.2600000E+00 1.0823470E+00 7.7480000E-03
    428 4.2700000E+00 1.0845690E+00 7.6980000E-03
    429 4.2800000E+00 1.0867340E+00 7.6440000E-03
    430 4.2900000E+00 1.0888410E+00 7.5890000E-03
    431 4.3000000E+00 1.0908860E+00 7.5320000E-03
    432 4.3100000E+00 1.0928640E+00 7.4750000E-03
    433 4.3200000E+00 1.0947710E+00 7.4200000E-03
    434 4.3300000E+00 1.0966030E+00 7.3670000E-03
    435 4.3400000E+00 1.0983550E+00 7.3190000E-03
    436 4.3500000E+00 1.1000220E+00 7.2770000E-03
    437 4.3600000E+00 1.1016000E+00 7.2410000E-03
    438 4.3700000E+00 1.1030850E+00 7.2120000E-03
    439 4.3800000E+00 1.1044730E+00 7.1900000E-03
    440 4.3900000E+00 1.1057600E+00 7.1740000E-03
    441 4.4000000E+00 1.1069430E+00 7.1630000E-03
    442 4.4100000E+00 1.1080190E+00 7.1550000E-03
    443 4.4200000E+00 1.1089870E+00 7.1480000E-03
    444 4.4300000E+00 1.1098460E+00 7.1420000E-03
    445 4.4400000E+00 1.1105930E+00 7.1330000E-03
    446 4.4500000E+00 1.1112300E+00 7.1210000E-03
    447 4.4600000E+00 1.1117560E+00 7.1040000E-03
    448 4.4700000E+00 1.1121720E+00 7.0830000E-03
    449 4.4800000E+00 1.1124790E+00 7.0560000E-03
    450 4.4900000E+00 1.1126800E+00 7.0250000E-03
    451 4.5000000E+00 1.1127750E+00 6.9900000E-03
    452 4.5100000E+00 1.1127680E+00 6.9520000E-03
    453 4.5200000E+00 1.1126600E+00 6.9130000E-03
    454 4.5300000E+00 1.1124550E+00 6.8750000E-03
    455 4.5400000E+00 1.1121530E+00 6.8390000E-03
    456 4.5500000E+00 1.1117580E+00 6.8060000E-03
    457 4.5600000E+00 1.1112720E+00 6.7780000E-03
    458 4.5700000E+00 1.1106960E+00 6.7540000E-03
    459 4.5800000E+00 1.1100320E+00 6.7350000E-03
    460 4.5900000E+00 1.1092810E+00 6.7200000E-03
    461 4.6000000E+00 1.1084440E+00 6.7080000E-03
    462 4.6100000E+00 1.1075220E+00 6.6980000E-03
    463 4.6200000E+00 1.1065150E+00 6.6890000E-03
    464 4.6300000E+00 1.1054220E+00 6.6790000E-03
    465 4.6400000E+00 1.1042430E+00 6.6680000E-03
    466 4.6500000E+00 1.1029790E+00 6.6530000E-03
    467 4.6600000E+00 1.1016270E+00 6.6350000E-03
    468 4.6700000E+00 1.1001870E+00 6.6130000E-03
    469 4.6800000E+00 1.0986580E+00 6.5870000E-03
    470 4.6900000E+00 1.0970390E+00 6.5570000E-03
    471 4.7000000E+00 1.0953290E+00 6.5240000E-03
    472 4.7100000E+00 1.0935290E+00 6.4900000E-03
    473 4.7200000E+00 1.0916360E+00 6.4550000E-03
    474 4.7300000E+00 1.0896530E+00 6.4200000E-03
    475 4.7400000E+00 1.0875790E+00 6.3860000E-03
    476 4.7500000E+00 1.0854140E+00 6.3550000E-03
    477 4.7600000E+00 1.0831620E+00 6.3250000E-03
    478 4.7700000E+00 1.0808220E+00 6.2980000E-03
    479 4.7800000E+00 1.0783990E+00 6.2730000E-03
    480 4.7900000E+00 1.0758940E+00 6.2490000E-03
    481 4.8000000E+00 1.0733120E+00 6.2260000E-03
    482 4.8100000E+00 1.0706550E+00 6.2030000E-03
    483 4.8200000E+00 1.0679290E+00 6.1790000E-03
    484 4.8300000E+00 1.0651380E+00 6.1530000E-03
    485 4.8400000E+00 1.0622870E+00 6.1240000E-03
    486 4.8500000E+00 1.0593800E+00 6.0930000E-03
    487 4.8600000E+00 1.0564240E+00 6.0580000E-03
    488 4.8700000E+00 1.0534230E+00 6.0210000E-03
    489 4.8800000E+00 1.0503830E+00 5.9810000E-03
    490 4.8900000E+00 1.0473090E+00 5.9400000E-03
    491 4.9000000E+00 1.0442060E+00 5.8990000E-03
    492 4.9100000E+00 1.0410770E+00 5.8580000E-03
    493 4.9200000E+00 1.0379280E+00 5.8190000E-03
    494 4.9300000E+00 1.0347630E+00 5.7830000E-03
    495 4.9400000E+00 1.0315850E+00 5.7500000E-03
    496 4.9500000E+00 1.0283970E+00 5.7220000E-03
    497 4.9600000E+00 1.0252010E+00 5.6980000E-03
    498 4.9700000E+00 1.0220010E+00 5.6790000E-03
    499 4.9800000E+00 1.0187970E+00 5.6640000E-03
    500 4.9900000E+00 1.0155920E+00 5.6530000E-03
    501 5.0000000E+00 1.0123860E+00 5.6440000E-03
    502 5.0100000E+00 1.0091800E+00 5.6360000E-03
    503 5.0200000E+00 1.0059740E+00 5.6290000E-03
    504 5.0300000E+00 1.0027690E+00 5.6210000E-03
    505 5.0400000E+00 9.9956600E-01 5.6120000E-03
    506 5.0500000E+00 9.9636300E-01 5.6000000E-03
    507 5.0600000E+00 9.9316200E-01 5.5850000E-03
    508 5.0700000E+00 9.8996300E-01 5.5670000E-03
    509 5.0800000E+00 9.8676600E-01 5.5450000E-03
    510 5.0900000E+00 9.8357200E-01 5.5210000E-03
    511 5.1000000E+00 9.8038200E-01 5.4940000E-03
    512 5.1100000E+00 9.7719700E-01 5.4650000E-03
    513 5.1200000E+00 9.7401800E-01 5.4340000E-03
    514 5.1300000E+00 9.7084900E-01 5.4040000E-03
    515 5.1400000E+00 9.6769000E-01 5.3730000E-03
    516 5.1500000E+00 9.6454600E-01 5.3440000E-03
    517 5.1600000E+00 9.6141800E-01 5.3170000E-03
    518 5.1700000E+00 9.5831000E-01 5.2910000E-03
    519 5.1800000E+00 9.5522500E-01 5.2690000E-03
    520 5.1900000E+00 9.5216900E-01 5.2480000E-03
    521 5.2000000E+00 9.4914300E-01 5.2310000E-03
    522 5.2100000E+00 9.4615400E-01 5.2150000E-03
    523 5.2200000E+00 9.4320400E-01 5.2000000E-03
    524 5.2300000E+00 9.4029800E-01 5.1860000E-03
    525 5.2400000E+00 9.3744000E-01 5.1720000E-03
    526 5.2500000E+00 9.3463400E-01 5.1570000E-03
    527 5.2600000E+00 9.3188400E-01 5.1410000E-03
    528 5.2700000E+00 9.2919300E-01 5.1230000E-03
    529 5.2800000E+00 9.2656500E-01 5.1020000E-03
    530 5.2900000E+00 9.2400300E-01 5.0780000E-03
    531 5.3000000E+00 9.2150900E-01 5.0510000E-03
    532 5.3100000E+00 9.1908600E-01 5.0220000E-03
    533 5.3200000E+00 9.1673600E-01 4.9900000E-03
    534 5.3300000E+00 9.1446100E-01 4.9570000E-03
    535 5.3400000E+00 9.1226200E-01 4.9230000E-03
    536 5.3500000E+00 9.1014100E-01 4.8890000E-03
    537 5.3600000E+00 9.0809800E-01 4.8550000E-03
    538 5.3700000E+00 9.0613500E-01 4.8230000E-03
    539 5.3800000E+00 9.0425100E-01 4.7940000E-03
    540 5.3900000E+00 9.0244800E-01 4.7670000E-03
    541 5.4000000E+00 9.0072600E-01 4.7440000E-03
    542 5.4100000E+00 8.9908500E-01 4.7250000E-03
    543 5.4200000E+00 8.9752500E-01 4.7100000E-03
    544 5.4300000E+00 8.9604800E-01 4.6980000E-03
    545 5.4400000E+00 8.9465200E-01 4.6880000E-03
    546 5.4500000E+00 8.9334100E-01 4.6820000E-03
    547 5.4600000E+00 8.9211200E-01 4.6760000E-03
    548 5.4700000E+00 8.9096900E-01 4.6720000E-03
    549 5.4800000E+00 8.8991100E-01 4.6670000E-03
    550 5.4900000E+00 8.8894000E-01 4.6620000E-03
    551 5.5000000E+00 8.8805600E-01 4.6560000E-03
    552 5.5100000E+00 8.8726200E-01 4.6480000E-03
    553 5.5200000E+00 8.8655800E-01 4.6390000E-03
    554 5.5300000E+00 8.8594600E-01 4.6280000E-03
    555 5.5400000E+00 8.8542600E-01 4.6170000E-03
    556 5.5500000E+00 8.8500000E-01 4.6040000E-03
    557 5.5600000E+00 8.8466900E-01 4.5910000E-03
    558 5.5700000E+00 8.8443400E-01 4.5780000E-03
    559 5.5800000E+00 8.8429500E-01 4.5650000E-03
    560 5.5900000E+00 8.8425300E-01 4.5530000E-03
    561 5.6000000E+00 8.8430800E-01 4.5410000E-03
    562 5.6100000E+00 8.8445900E-01 4.5300000E-03
    563 5.6200000E+00 8.8470600E-01 4.5200000E-03
    564 5.6300000E+00 8.8504700E-01 4.5100000E-03
    565 5.6400000E+00 8.8548300E-01 4.4990000E-03
    566 5.6500000E+00 8.8601000E-01 4.4890000E-03
    567 5.6600000E+00 8.8662800E-01 4.4780000E-03
    568 5.6700000E+00 8.8733300E-01 4.4660000E-03
    569 5.6800000E+00 8.8812300E-01 4.4530000E-03
    570 5.6900000E+00 8.8899600E-01 4.4380000E-03
    571 5.7000000E+00 8.8994800E-01 4.4230000E-03
    572 5.7100000E+00 8.9097700E-01 4.4060000E-03
    573 5.7200000E+00 8.9207900E-01 4.3890000E-03
    574 5.7300000E+00 8.9325100E-01 4.3720000E-03
    575 5.7400000E+00 8.9448900E-01 4.3550000E-03
    576 5.7500000E+00 8.9579200E-01 4.3380000E-03
    577 5.7600000E+00 8.9715600E-01 4.3220000E-03
    578 5.7700000E+00 8.9857800E-01 4.3080000E-03
    579 5.7800000E+00 9.0005500E-01 4.2940000E-03
    580 5.7900000E+00 9.0158600E-01 4.2810000E-03
    581 5.8000000E+00 9.0316900E-01 4.2690000E-03
    582 5.8100000E+00 9.0480200E-01 4.2570000E-03
    583 5.8200000E+00 9.0648200E-01 4.2450000E-03
    584 5.8300000E+00 9.0821100E-01 4.2310000E-03
    585 5.8400000E+00 9.0998500E-01 4.2170000E-03
    586 5.8500000E+00 9.1180500E-01 4.2000000E-03
    587 5.8600000E+00 9.1367100E-01 4.1810000E-03
    588 5.8700000E+00 9.1558100E-01 4.1600000E-03
    589 5.8800000E+00 9.1753600E-01 4.1370000E-03
    590 5.8900000E+00 9.1953600E-01 4.1120000E-03
    591 5.9000000E+00 9.2158000E-01 4.0860000E-03
    592 5.9100000E+00 9.2366800E-01 4.0590000E-03
    593 5.9200000E+00 9.2579900E-01 4.0330000E-03
    594 5.9300000E+00 9.2797400E-01 4.0070000E-03
    595 5.9400000E+00 9.3019100E-01 3.9820000E-03
    596 5.9500000E+00 9.3244900E-01 3.9600000E-03
    597 5.9600000E+00 9.3474700E-01 3.9410000E-03
    598 5.9700000E+00 9.3708300E-01 3.9230000E-03
    599 5.9800000E+00 9.3945500E-01 3.9090000E-03
    600 5.9900000E+00 9.4186000E-01 3.8960000E-03
    601 6.0000000E+00 9.4429600E-01 3.8860000E-03
    602 6.0100000E+00 9.4676000E-01 3.8760000E-03
    603 6.0200000E+00 9.4924800E-01 3.8660000E-03
    604 6.0300000E+00 9.5175600E-01 3.8550000E-03
    605 6.0400000E+00 9.5428200E-01 3.8440000E-03
    606 6.0500000E+00 9.5682000E-01 3.8300000E-03
    607 6.0600000E+00 9.5936600E-01 3.8150000E-03
    608 6.0700000E+00 9.6191700E-01 3.7970000E-03
    609 6.0800000E+00 9.6446700E-01 3.7780000E-03
    610 6.0900000E+00 9.6701400E-01 3.7570000E-03
    611 6.1000000E+00 9.6955200E-01 3.7350000E-03
    612 6.1100000E+00 9.7207900E-01 3.7140000E-03
    613 6.1200000E+00 9.7459000E-01 3.6930000E-03
    614 6.1300000E+00 9.7708300E-01 3.6740000E-03
    615 6.1400000E+00 9.7955400E-01 3.6570000E-03
    616 6.1500000E+00 9.8200100E-01 3.6430000E-03
    617 6.1600000E+00 9.8442200E-01 3.6310000E-03
    618 6.1700000E+00 9.8681500E-01 3.6220000E-03
    619 6.1800000E+00 9.8917900E-01 3.6160000E-03
    620 6.1900000E+00 9.9151200E-01 3.6120000E-03
    621 6.2000000E+00 9.9381500E-01 3.6100000E-03
    622 6.2100000E+00 9.9608600E-01 3.6070000E-03
    623 6.2200000E+00 9.9832600E-01 3.6050000E-03
    624 6.2300000E+00 1.0005350E+00 3.6020000E-03
    625 6.2400000E+00 1.0027130E+00 3.5970000E-03
    626 6.2500000E+00 1.0048610E+00 3.5910000E-03
    627 6.2600000E+00 1.0069790E+00 3.5830000E-03
    628 6.2700000E+00 1.0090680E+00 3.5730000E-03
    629 6.2800000E+00 1.0111270E+00 3.5610000E-03
    630 6.2900000E+00 1.0131590E+00 3.5490000E-03
    631 6.3000000E+00 1.0151610E+00 3.5360000E-03
    632 6.3100000E+00 1.0171350E+00 3.5230000E-03
    633 6.3200000E+00 1.0190810E+00 3.5110000E-03
    634 6.3300000E+00 1.0209970E+00 3.5000000E-03
    635 6.3400000E+00 1.0228820E+00 3.4910000E-03
    636 6.3500000E+00 1.0247360E+00 3.4840000E-03
    637 6.3600000E+00 1.0265570E+00 3.4800000E-03
    638 6.3700000E+00 1.0283440E+00 3.4770000E-03
    639 6.3800000E+00 1.0300950E+00 3.4750000E-03
    640 6.3900000E+00 1.0318070E+00 3.4750000E-03
    641 6.4000000E+00 1.0334780E+00 3.4750000E-03
    642 6.4100000E+00 1.0351070E+00 3.4750000E-03
    643 6.4200000E+00 1.0366900E+00 3.4740000E-03
    644 6.4300000E+00 1.0382270E+00 3.4720000E-03
    645 6.4400000E+00 1.0397130E+00 3.4670000E-03
    646 6.4500000E+00 1.0411480E+00 3.4610000E-03
    647 6.4600000E+00 1.0425290E+00 3.4540000E-03
    648 6.4700000E+00 1.0438560E+00 3.4440000E-03
    649 6.4800000E+00 1.0451260E+00 3.4320000E-03
    650 6.4900000E+00 1.0463390E+00 3.4190000E-03
    651 6.5000000E+00 1.0474940E+00 3.4060000E-03
    652 6.5100000E+00 1.0485910E+00 3.3920000E-03
    653 6.5200000E+00 1.0496310E+00 3.3780000E-03
    654 6.5300000E+00 1.0506130E+00 3.3650000E-03
    655 6.5400000E+00 1.0515390E+00 3.3530000E-03
    656 6.5500000E+00 1.0524100E+00 3.3410000E-03
    657 6.5600000E+00 1.0532270E+00 3.3310000E-03
    658 6.5700000E+00 1.0539930E+00 3.3210000E-03
    659 6.5800000E+00 1.0547100E+00 3.3120000E-03
    660 6.5900000E+00 1.0553780E+00 3.3040000E-03
    661 6.6000000E+00 1.0560020E+00 3.2950000E-03
    662 6.6100000E+00 1.0565820E+00 3.2860000E-03
    663 6.6200000E+00 1.0571220E+00 3.2770000E-03
    664 6.6300000E+00 1.0576230E+00 3.2660000E-03
    665 6.6400000E+00 1.0580880E+00 3.2540000E-03
    666 6.6500000E+00 1.0585170E+00 3.2410000E-03
    667 6.6600000E+00 1.0589130E+00 3.2260000E-03
    668 6.6700000E+00 1.0592760E+00 3.2100000E-03
    669 6.6800000E+00 1.0596070E+00 3.1920000E-03
    670 6.6900000E+00 1.0599080E+00 3.1740000E-03
    671 6.7000000E+00 1.0601770E+00 3.1550000E-03
    672 6.7100000E+00 1.0604150E+00 3.1350000E-03
    673 6.7200000E+00 1.0606210E+00 3.1160000E-03
    674 6.7300000E+00 1.0607950E+00 3.0960000E-03
    675 6.7400000E+00 1.0609350E+00 3.0770000E-03
    676 6.7500000E+00 1.0610390E+00 3.0590000E-03
    677 6.7600000E+00 1.0611070E+00 3.0420000E-03
    678 6.7700000E+00 1.0611370E+00 3.0250000E-03
    679 6.7800000E+00 1.0611270E+00 3.0090000E-03
    680 6.7900000E+00 1.0610760E+00 2.9950000E-03
    681 6.8000000E+00 1.0609820E+00 2.9810000E-03
    682 6.8100000E+00 1.0608440E+00 2.9670000E-03
    683 6.8200000E+00 1.0606600E+00 2.9540000E-03
    684 6.8300000E+00 1.0604300E+00 2.9420000E-03
    685 6.8400000E+00 1.0601540E+00 2.9300000E-03
    686 6.8500000E+00 1.0598300E+00 2.9180000E-03
    687 6.8600000E+00 1.0594600E+00 2.9070000E-03
    688 6.8700000E+00 1.0590430E+00 2.8950000E-03
    689 6.8800000E+00 1.0585810E+00 2.8840000E-03
    690 6.8900000E+00 1.0580740E+00 2.8730000E-03
    691 6.9000000E+00 1.0575250E+00 2.8630000E-03
    692 6.9100000E+00 1.0569340E+00 2.8530000E-03
    693 6.9200000E+00 1.0563060E+00 2.8430000E-03
    694 6.9300000E+00 1.0556410E+00 2.8340000E-03
    695 6.9400000E+00 1.0549430E+00 2.8270000E-03
    696 6.9500000E+00 1.0542140E+00 2.8200000E-03
    697 6.9600000E+00 1.0534570E+00 2.8140000E-03
    698 6.9700000E+00 1.0526750E+00 2.8100000E-03
    699 6.9800000E+00 1.0518700E+00 2.8070000E-03
    700 6.9900000E+00 1.0510450E+00 2.8050000E-03
    701 7.0000000E+00 1.0502020E+00 2.8050000E-03
    702 7.0100000E+00 1.0493440E+00 2.8050000E-03
    703 7.0200000E+00 1.0484720E+00 2.8070000E-03
    704 7.0300000E+00 1.0475880E+00 2.8090000E-03
    705 7.0400000E+00 1.0466930E+00 2.8110000E-03
    706 7.0500000E+00 1.0457880E+00 2.8130000E-03
    707 7.0600000E+00 1.0448720E+00 2.8150000E-03
    708 7.0700000E+00 1.0439480E+00 2.8170000E-03
    709 7.0800000E+00 1.0430130E+00 2.8170000E-03
    710 7.0900000E+00 1.0420680E+00 2.8170000E-03
    711 7.1000000E+00 1.0411110E+00 2.8150000E-03
    712 7.1100000E+00 1.0401430E+00 2.8120000E-03
    713 7.1200000E+00 1.0391620E+00 2.8070000E-03
    714 7.1300000E+00 1.0381660E+00 2.8020000E-03
    715 7.1400000E+00 1.0371550E+00 2.7950000E-03
    716 7.1500000E+00 1.0361280E+00 2.7880000E-03
    717 7.1600000E+00 1.0350830E+00 2.7800000E-03
    718 7.1700000E+00 1.0340200E+00 2.7720000E-03
    719 7.1800000E+00 1.0329370E+00 2.7640000E-03
    720 7.1900000E+00 1.0318360E+00 2.7570000E-03
    721 7.2000000E+00 1.0307150E+00 2.7500000E-03
    722 7.2100000E+00 1.0295760E+00 2.7430000E-03
    723 7.2200000E+00 1.0284180E+00 2.7370000E-03
    724 7.2300000E+00 1.0272430E+00 2.7320000E-03
    725 7.2400000E+00 1.0260530E+00 2.7270000E-03
    726 7.2500000E+00 1.0248490E+00 2.7230000E-03
    727 7.2600000E+00 1.0236330E+00 2.7180000E-03
    728 7.2700000E+00 1.0224090E+00 2.7140000E-03
    729 7.2800000E+00 1.0211780E+00 2.7090000E-03
    730 7.2900000E+00 1.0199440E+00 2.7030000E-03
    731 7.3000000E+00 1.0187100E+00 2.6970000E-03
    732 7.3100000E+00 1.0174800E+00 2.6900000E-03
    733 7.3200000E+00 1.0162550E+00 2.6820000E-03
    734 7.3300000E+00 1.0150400E+00 2.6720000E-03
    735 7.3400000E+00 1.0138380E+00 2.6620000E-03
    736 7.3500000E+00 1.0126510E+00 2.6510000E-03
    737 7.3600000E+00 1.0114830E+00 2.6400000E-03
    738 7.3700000E+00 1.0103350E+00 2.6270000E-03
    739 7.3800000E+00 1.0092100E+00 2.6150000E-03
    740 7.3900000E+00 1.0081090E+00 2.6020000E-03
    741 7.4000000E+00 1.0070340E+00 2.5890000E-03
    742 7.4100000E+00 1.0059850E+00 2.5760000E-03
    743 7.4200000E+00 1.0049640E+00 2.5630000E-03
    744 7.4300000E+00 1.0039700E+00 2.5500000E-03
    745 7.4400000E+00 1.0030030E+00 2.5370000E-03
    746 7.4500000E+00 1.0020620E+00 2.5240000E-03
    747 7.4600000E+00 1.0011460E+00 2.5100000E-03
    748 7.4700000E+00 1.0002550E+00 2.4960000E-03
    749 7.4800000E+00 9.9938600E-01 2.4820000E-03
    750 7.4900000E+00 9.9853900E-01 2.4670000E-03
    751 7.5000000E+00 9.9771200E-01 2.4520000E-03
    752 7.5100000E+00 9.9690200E-01 2.4370000E-03
    753 7.5200000E+00 9.9610900E-01 2.4220000E-03
    754 7.5300000E+00 9.9533100E-01 2.4070000E-03
    755 7.5400000E+00 9.9456700E-01 2.3930000E-03
    756 7.5500000E+00 9.9381500E-01 2.3790000E-03
    757 7.5600000E+00 9.9307500E-01 2.3670000E-03
    758 7.5700000E+00 9.9234500E-01 2.3560000E-03
    759 7.5800000E+00 9.9162600E-01 2.3460000E-03
    760 7.5900000E+00 9.9091700E-01 2.3370000E-03
    761 7.6000000E+00 9.9021900E-01 2.3300000E-03
    762 7.6100000E+00 9.8953200E-01 2.3240000E-03
    763 7.6200000E+00 9.8885700E-01 2.3190000E-03
    764 7.6300000E+00 9.8819500E-01 2.3150000E-03
    765 7.6400000E+00 9.8754700E-01 2.3110000E-03
    766 7.6500000E+00 9.8691600E-01 2.3080000E-03
    767 7.6600000E+00 9.8630200E-01 2.3040000E-03
    768 7.6700000E+00 9.8570700E-01 2.2990000E-03
    769 7.6800000E+00 9.8513300E-01 2.2950000E-03
    770 7.6900000E+00 9.8458200E-01 2.2890000E-03
    771 7.7000000E+00 9.8405500E-01 2.2840000E-03
    772 7.7100000E+00 9.8355300E-01 2.2780000E-03
    773 7.7200000E+00 9.8307900E-01 2.2710000E-03
    774 7.7300000E+00 9.8263300E-01 2.2650000E-03
    775 7.7400000E+00 9.8221600E-01 2.2600000E-03
    776 7.7500000E+00 9.8182800E-01 2.2560000E-03
    777 7.7600000E+00 9.8147000E-01 2.2530000E-03
    778 7.7700000E+00 9.8114100E-01 2.2510000E-03
    779 7.7800000E+00 9.8084200E-01 2.2510000E-03
    780 7.7900000E+00 9.8057100E-01 2.2530000E-03
    781 7.8000000E+00 9.8032700E-01 2.2560000E-03
    782 7.8100000E+00 9.8011000E-01 2.2610000E-03
    783 7.8200000E+00 9.7991800E-01 2.2670000E-03
    784 7.8300000E+00 9.7975000E-01 2.2730000E-03
    785 7.8400000E+00 9.7960300E-01 2.2800000E-03
    786 7.8500000E+00 9.7947600E-01 2.2860000E-03
    787 7.8600000E+00 9.7936700E-01 2.2920000E-03
    788 7.8700000E+00 9.7927400E-01 2.2960000E-03
    789 7.8800000E+00 9.7919600E-01 2.2990000E-03
    790 7.8900000E+00 9.7913100E-01 2.3000000E-03
    791 7.9000000E+00 9.7907800E-01 2.2990000E-03
    792 7.9100000E+00 9.7903500E-01 2.2960000E-03
    793 7.9200000E+00 9.7900100E-01 2.2910000E-03
    794 7.9300000E+00 9.7897700E-01 2.2850000E-03
    795 7.9400000E+00 9.7896000E-01 2.2770000E-03
    796 7.9500000E+00 9.7895100E-01 2.2690000E-03
    797 7.9600000E+00 9.7895100E-01 2.2590000E-03
    798 7.9700000E+00 9.7895800E-01 2.2500000E-03
    799 7.9800000E+00 9.7897500E-01 2.2400000E-03
    800 7.9900000E+00 9.7900200E-01 2.2310000E-03
    801 8.0000000E+00 9.7903900E-01 2.2220000E-03
    802 8.0100000E+00 9.7908700E-01 2.2140000E-03
    803 8.0200000E+00 9.7914800E-01 2.2060000E-03
    804 8.0300000E+00 9.7922400E-01 2.1980000E-03
    805 8.0400000E+00 9.7931400E-01 2.1900000E-03
    806 8.0500000E+00 9.7942000E-01 2.1830000E-03
    807 8.0600000E+00 9.7954400E-01 2.1750000E-03
    808 8.0700000E+00 9.7968500E-01 2.1670000E-03
    809 8.0800000E+00 9.7984500E-01 2.1580000E-03
    810 8.0900000E+00 9.8002400E-01 2.1490000E-03
    811 8.1000000E+00 9.8022300E-01 2.1390000E-03
    812 8.1100000E+00 9.8044000E-01 2.1280000E-03
    813 8.1200000E+00 9.8067600E-01 2.1170000E-03
    814 8.1300000E+00 9.8093100E-01 2.1060000E-03
    815 8.1400000E+00 9.8120300E-01 2.0940000E-03
    816 8.1500000E+00 9.8149100E-01 2.0820000E-03
    817 8.1600000E+00 9.8179400E-01 2.0700000E-03
    818 8.1700000E+00 9.8211100E-01 2.0590000E-03
    819 8.1800000E+00 9.8244000E-01 2.0480000E-03
    820 8.1900000E+00 9.8277900E-01 2.0370000E-03
    821 8.2000000E+00 9.8312700E-01 2.0260000E-03
    822 8.2100000E+00 9.8348100E-01 2.0160000E-03
    823 8.2200000E+00 9.8384000E-01 2.0070000E-03
    824 8.2300000E+00 9.8420300E-01 1.9970000E-03
    825 8.2400000E+00 9.8456600E-01 1.9870000E-03
    826 8.2500000E+00 9.8493000E-01 1.9780000E-03
    827 8.2600000E+00 9.8529300E-01 1.9680000E-03
    828 8.2700000E+00 9.8565300E-01 1.9590000E-03
    829 8.2800000E+00 9.8601000E-01 1.9490000E-03
    830 8.2900000E+00 9.8636400E-01 1.9390000E-03
    831 8.3000000E+00 9.8671300E-01 1.9300000E-03
    832 8.3100000E+00 9.8705800E-01 1.9210000E-03
    833 8.3200000E+00 9.8739900E-01 1.9130000E-03
    834 8.3300000E+00 9.8773600E-01 1.9060000E-03
    835 8.3400000E+00 9.8807000E-01 1.9010000E-03
    836 8.3500000E+00 9.8840200E-01 1.8960000E-03
    837 8.3600000E+00 9.8873200E-01 1.8930000E-03
    838 8.3700000E+00 9.8906100E-01 1.8910000E-03
    839 8.3800000E+00 9.8939000E-01 1.8910000E-03
    840 8.3900000E+00 9.8972100E-01 1.8920000E-03
    841 8.4000000E+00 9.9005300E-01 1.8930000E-03
    842 8.4100000E+00 9.9038900E-01 1.8950000E-03
    843 8.4200000E+00 9.9072900E-01 1.8980000E-03
    844 8.4300000E+00 9.9107200E-01 1.9000000E-03
    845 8.4400000E+00 9.9142100E-01 1.9020000E-03
    846 8.4500000E+00 9.9177500E-01 1.9030000E-03
    847 8.4600000E+00 9.9213400E-01 1.9040000E-03
    848 8.4700000E+00 9.9249700E-01 1.9040000E-03
    849 8.4800000E+00 9.9286600E-01 1.9020000E-03
    850 8.4900000E+00 9.9323800E-01 1.9000000E-03
    851 8.5000000E+00 9.9361300E-01 1.8980000E-03
    852 8.5100000E+00 9.9399000E-01 1.8950000E-03
    853 8.5200000E+00 9.9436800E-01 1.8910000E-03
    854 8.5300000E+00 9.9474600E-01 1.8880000E-03
    855 8.5400000E+00 9.9512200E-01 1.8840000E-03
    856 8.5500000E+00 9.9549500E-01 1.8810000E-03
    857 8.5600000E+00 9.9586200E-01 1.8780000E-03
    858 8.5700000E+00 9.9622400E-01 1.8760000E-03
    859 8.5800000E+00 9.9657900E-01 1.8740000E-03
    860 8.5900000E+00 9.9692400E-01 1.8730000E-03
    861 8.6000000E+00 9.9726000E-01 1.8710000E-03
    862 8.6100000E+00 9.9758400E-01 1.8700000E-03
    863 8.6200000E+00 9.9789700E-01 1.8680000E-03
    864 8.6300000E+00 9.9819800E-01 1.8660000E-03
    865 8.6400000E+00 9.9848500E-01 1.8630000E-03
    866 8.6500000E+00 9.9876000E-01 1.8590000E-03
    867 8.6600000E+00 9.9902300E-01 1.8550000E-03
    868 8.6700000E+00 9.9927300E-01 1.8500000E-03
    869 8.6800000E+00 9.9951000E-01 1.8450000E-03
    870 8.6900000E+00 9.9973700E-01 1.8390000E-03
    871 8.7000000E+00 9.9995200E-01 1.8320000E-03
    872 8.7100000E+00 1.0001580E+00 1.8260000E-03
    873 8.7200000E+00 1.0003560E+00 1.8190000E-03
    874 8.7300000E+00 1.0005450E+00 1.8130000E-03
    875 8.7400000E+00 1.0007280E+00 1.8070000E-03
    876 8.7500000E+00 1.0009060E+00 1.8010000E-03
    877 8.7600000E+00 1.0010780E+00 1.7950000E-03
    878 8.7700000E+00 1.0012470E+00 1.7900000E-03
    879 8.7800000E+00 1.0014130E+00 1.7850000E-03
    880 8.7900000E+00 1.0015760E+00 1.7800000E-03
    881 8.8000000E+00 1.0017360E+00 1.7750000E-03
    882 8.8100000E+00 1.0018950E+00 1.7690000E-03
    883 8.8200000E+00 1.0020520E+00 1.7630000E-03
    884 8.8300000E+00 1.0022060E+00 1.7570000E-03
    885 8.8400000E+00 1.0023570E+00 1.7490000E-03
    886 8.8500000E+00 1.0025060E+00 1.7410000E-03
    887 8.8600000E+00 1.0026500E+00 1.7320000E-03
    888 8.8700000E+00 1.0027890E+00 1.7230000E-03
    889 8.8800000E+00 1.0029220E+00 1.7140000E-03
    890 8.8900000E+00 1.0030480E+00 1.7040000E-03
    891 8.9000000E+00 1.0031660E+00 1.6940000E-03
    892 8.9100000E+00 1.0032750E+00 1.6850000E-03
    893 8.9200000E+00 1.0033730E+00 1.6760000E-03
    894 8.9300000E+00 1.0034590E+00 1.6680000E-03
    895 8.9400000E+00 1.0035330E+00 1.6610000E-03
    896 8.9500000E+00 1.0035940E+00 1.6550000E-03
    897 8.9600000E+00 1.0036410E+00 1.6490000E-03
    898 8.9700000E+00 1.0036740E+00 1.6450000E-03
    899 8.9800000E+00 1.0036920E+00 1.6410000E-03
    900 8.9900000E+00 1.0036960E+00 1.6370000E-03
    901 9.0000000E+00 1.0036850E+00 1.6340000E-03
    902 9.0100000E+00 1.0036600E+00 1.6310000E-03
    903 9.0200000E+00 1.0036230E+00 1.6280000E-03
    904 9.0300000E+00 1.0035720E+00 1.6250000E-03
    905 9.0400000E+00 1.0035110E+00 1.6210000E-03
    906 9.0500000E+00 1.0034390E+00 1.6180000E-03
    907 9.0600000E+00 1.0033590E+00 1.6140000E-03
    908 9.0700000E+00 1.0032710E+00 1.6090000E-03
    909 9.0800000E+00 1.0031780E+00 1.6050000E-03
    910 9.0900000E+00 1.0030800E+00 1.6010000E-03
    911 9.1000000E+00 1.0029790E+00 1.5960000E-03
    912 9.1100000E+00 1.0028770E+00 1.5920000E-03
    913 9.1200000E+00 1.0027760E+00 1.5880000E-03
    914 9.1300000E+00 1.0026750E+00 1.5850000E-03
    915 9.1400000E+00 1.0025770E+00 1.5810000E-03
    916 9.1500000E+00 1.0024820E+00 1.5780000E-03
    917 9.1600000E+00 1.0023910E+00 1.5760000E-03
    918 9.1700000E+00 1.0023050E+00 1.5730000E-03
    919 9.1800000E+00 1.0022240E+00 1.5710000E-03
    920 9.1900000E+00 1.0021470E+00 1.5680000E-03
    921 9.2000000E+00 1.0020750E+00 1.5660000E-03
    922 9.2100000E+00 1.0020080E+00 1.5630000E-03
    923 9.2200000E+00 1.0019450E+00 1.5600000E-03
    924 9.2300000E+00 1.0018850E+00 1.5560000E-03
    925 9.2400000E+00 1.0018270E+00 1.5520000E-03
    926 9.2500000E+00 1.0017710E+00 1.5480000E-03
    927 9.2600000E+00 1.0017160E+00 1.5440000E-03
    928 9.2700000E+00 1.0016600E+00 1.5390000E-03
    929 9.2800000E+00 1.0016020E+00 1.5350000E-03
    930 9.2900000E+00 1.0015420E+00 1.5310000E-03
    931 9.3000000E+00 1.0014780E+00 1.5270000E-03
    932 9.3100000E+00 1.0014100E+00 1.5230000E-03
    933 9.3200000E+00 1.0013360E+00 1.5200000E-03
    934 9.3300000E+00 1.0012570E+00 1.5170000E-03
    935 9.3400000E+00 1.0011710E+00 1.5150000E-03
    936 9.3500000E+00 1.0010800E+00 1.5130000E-03
    937 9.3600000E+00 1.0009810E+00 1.5120000E-03
    938 9.3700000E+00 1.0008760E+00 1.5110000E-03
    939 9.3800000E+00 1.0007660E+00 1.5110000E-03
    940 9.3900000E+00 1.0006490E+00 1.5100000E-03
    941 9.4000000E+00 1.0005280E+00 1.5100000E-03
    942 9.4100000E+00 1.0004030E+00 1.5100000E-03
    943 9.4200000E+00 1.0002750E+00 1.5090000E-03
    944 9.4300000E+00 1.0001450E+00 1.5090000E-03
    945 9.4400000E+00 1.0000140E+00 1.5080000E-03
    946 9.4500000E+00 9.9988300E-01 1.5060000E-03
    947 9.4600000E+00 9.9975400E-01 1.5050000E-03
    948 9.4700000E+00 9.9962800E-01 1.5030000E-03
    949 9.4800000E+00 9.9950500E-01 1.5010000E-03
    950 9.4900000E+00 9.9938700E-01 1.4980000E-03
    951 9.5000000E+00 9.9927600E-01 1.4950000E-03
    952 9.5100000E+00 9.9917100E-01 1.4910000E-03
    953 9.5200000E+00 9.9907300E-01 1.4870000E-03
    954 9.5300000E+00 9.9898400E-01 1.4830000E-03
    955 9.5400000E+00 9.9890300E-01 1.4780000E-03
    956 9.5500000E+00 9.9883100E-01 1.4730000E-03
    957 9.5600000E+00 9.9876800E-01 1.4670000E-03
    958 9.5700000E+00 9.9871300E-01 1.4600000E-03
    959 9.5800000E+00 9.9866600E-01 1.4540000E-03
    960 9.5900000E+00 9.9862800E-01 1.4460000E-03
    961 9.6000000E+00 9.9859700E-01 1.4390000E-03
    962 9.6100000E+00 9.9857300E-01 1.4310000E-03
    963 9.6200000E+00 9.9855400E-01 1.4220000E-03
    964 9.6300000E+00 9.9854200E-01 1.4140000E-03
    965 9.6400000E+00 9.9853300E-01 1.4050000E-03
    966 9.6500000E+00 9.9852800E-01 1.3970000E-03
    967 9.6600000E+00 9.9852600E-01 1.3890000E-03
    968 9.6700000E+00 9.9852500E-01 1.3800000E-03
    969 9.6800000E+00 9.9852600E-01 1.3720000E-03
    970 9.6900000E+00 9.9852700E-01 1.3650000E-03
    971 9.7000000E+00 9.9852800E-01 1.3580000E-03
    972 9.7100000E+00 9.9852800E-01 1.3510000E-03
    973 9.7200000E+00 9.9852700E-01 1.3450000E-03
    974 9.7300000E+00 9.9852400E-01 1.3390000E-03
    975 9.7400000E+00 9.9852000E-01 1.3330000E-03
    976 9.7500000E+00 9.9851500E-01 1.3280000E-03
    977 9.7600000E+00 9.9850800E-01 1.3240000E-03
    978 9.7700000E+00 9.9849900E-01 1.3200000E-03
    979 9.7800000E+00 9.9849000E-01 1.3160000E-03
    980 9.7900000E+00 9.9848000E-01 1.3120000E-03
    981 9.8000000E+00 9.9847000E-01 1.3090000E-03
    982 9.8100000E+00 9.9846000E-01 1.3070000E-03
    983 9.8200000E+00 9.9845100E-01 1.3040000E-03
    984 9.8300000E+00 9.9844400E-01 1.3020000E-03
    985 9.8400000E+00 9.9843900E-01 1.3000000E-03
    986 9.8500000E+00 9.9843700E-01 1.2980000E-03
    987 9.8600000E+00 9.9843800E-01 1.2970000E-03
    988 9.8700000E+00 9.9844300E-01 1.2960000E-03
    989 9.8800000E+00 9.9845200E-01 1.2950000E-03
    990 9.8900000E+00 9.9846600E-01 1.2940000E-03
    991 9.9000000E+00 9.9848600E-01 1.2930000E-03
    992 9.9100000E+00 9.9851100E-01 1.2920000E-03
    993 9.9200000E+00 9.9854200E-01 1.2920000E-03
    994 9.9300000E+00 9.9857900E-01 1.2910000E-03
    995 9.9400000E+00 9.9862300E-01 1.2900000E-03
    996 9.9500000E+00 9.9867200E-01 1.2890000E-03
    997 9.9600000E+00 9.9872700E-01 1.2880000E-03
    998 9.9700000E+00 9.9878800E-01 1.2870000E-03
    999 9.9800000E+00 9.9885500E-01 1.2850000E-03
   1000 9.9900000E+00 9.9892700E-01 1.2830000E-03
   1001 1.0000000E+01 9.9900500E-01 1.2810000E-03
